unlimited
PROGRAM: cpu
Looking for /opt/programs/cpu/ebpf-collect.c
[19:25:39] Waiting for start indicator file: '/mnt/flux/start_ebpf_collection'.
[19:25:47] Start indicator found. Proceeding with monitoring.
[19:25:47] Initializing eBPF for CPU Scheduling monitoring...
[19:25:49] BPF C code compiled and loaded.
[19:25:49] Attached tracepoints.
[19:25:49] Monitoring CPU scheduling events (polling aggregated map)... Press Ctrl+C to stop.
[19:26:57] Stop indicator file '/mnt/flux/stop_ebpf_collection' found. Stopping.
[19:26:57] Initiating cleanup sequence...
{
  "final_aggregated_summary_river": [
    {
      "tgid": 1,
      "comm": "pause",
      "cgroup_id": 10672,
      "on_cpu_stats_ns": {
        "count": 11.0,
        "sum_ns": 1536785.2352941176,
        "mean_ns": 139707.7486631016,
        "median_ns": 115986.94444444444,
        "min_ns": 63172.5,
        "max_ns": 383357.23529411765,
        "variance_ns2": 7124977657.121344,
        "iqr_ns": 17862.422222222216,
        "q1_ns": 110668.66666666667,
        "q3_ns": 128531.08888888889
      },
      "runq_latency_stats_ns": {
        "count": 11.0,
        "sum_ns": 174698.2,
        "mean_ns": 15881.654545454547,
        "median_ns": 9446.0,
        "min_ns": 1124.0,
        "max_ns": 71176.2,
        "variance_ns2": 410880226.03272724,
        "iqr_ns": 10145.416666666666,
        "q1_ns": 4847.333333333334,
        "q3_ns": 14992.75
      },
      "first_seen_ts_ns": 1747682750767168232,
      "last_seen_ts_ns": 1747682817158612046,
      "duration_active_s": 66.391443814
    },
    {
      "tgid": 48,
      "comm": "bash",
      "cgroup_id": 10909,
      "on_cpu_stats_ns": {
        "count": 82.0,
        "sum_ns": 909589.0407479748,
        "mean_ns": 11092.549277414326,
        "median_ns": 11107.26940472032,
        "min_ns": 6247.0,
        "max_ns": 18516.055555555555,
        "variance_ns2": 4361871.680507942,
        "iqr_ns": 2880.7035717512736,
        "q1_ns": 9521.546678425671,
        "q3_ns": 12402.250250176945
      },
      "runq_latency_stats_ns": {
        "count": 82.0,
        "sum_ns": 736843.583697178,
        "mean_ns": 8985.897362160707,
        "median_ns": 5105.287434919115,
        "min_ns": 1728.8333333333333,
        "max_ns": 91266.35714285714,
        "variance_ns2": 162242963.3432728,
        "iqr_ns": 3845.190884161196,
        "q1_ns": 3616.63529719626,
        "q3_ns": 7461.826181357456
      },
      "first_seen_ts_ns": 1747682749147115070,
      "last_seen_ts_ns": 1747682817158612046,
      "duration_active_s": 68.011496976
    }
  ]
}
[19:26:57] Cleanup complete. Exiting.
