unlimited
PROGRAM: cpu
Looking for /opt/programs/cpu/ebpf-collect.c
[19:24:59] Waiting for start indicator file: '/mnt/flux/start_ebpf_collection'.
[19:25:48] Start indicator found. Proceeding with monitoring.
[19:25:48] Initializing eBPF for CPU Scheduling monitoring...
[19:25:49] BPF C code compiled and loaded.
[19:25:49] Attached tracepoints.
[19:25:49] Monitoring CPU scheduling events (polling aggregated map)... Press Ctrl+C to stop.
[19:26:57] Stop indicator file '/mnt/flux/stop_ebpf_collection' found. Stopping.
[19:26:57] Initiating cleanup sequence...
{
  "final_aggregated_summary_river": [
    {
      "tgid": 1,
      "comm": "pause",
      "cgroup_id": 10679,
      "on_cpu_stats_ns": {
        "count": 10.0,
        "sum_ns": 1493024.7750000001,
        "mean_ns": 149302.4775,
        "median_ns": 126141.25694444445,
        "min_ns": 82146.5,
        "max_ns": 359534.65,
        "variance_ns2": 6110493379.542563,
        "iqr_ns": 19374.122685185182,
        "q1_ns": 117014.61111111111,
        "q3_ns": 136388.7337962963
      },
      "runq_latency_stats_ns": {
        "count": 10.0,
        "sum_ns": 67747.83333333333,
        "mean_ns": 6774.783333333333,
        "median_ns": 3798.5277777777774,
        "min_ns": 2314.0,
        "max_ns": 23390.0,
        "variance_ns2": 43413566.46944445,
        "iqr_ns": 5910.171347736625,
        "q1_ns": 2487.777777777778,
        "q3_ns": 8397.949125514402
      },
      "first_seen_ts_ns": 1747682751344289071,
      "last_seen_ts_ns": 1747682817199142902,
      "duration_active_s": 65.854853831
    },
    {
      "tgid": 48,
      "comm": "bash",
      "cgroup_id": 10916,
      "on_cpu_stats_ns": {
        "count": 91.0,
        "sum_ns": 1019169.7655544454,
        "mean_ns": 11199.667753345555,
        "median_ns": 10701.79983545125,
        "min_ns": 6487.0,
        "max_ns": 39093.0,
        "variance_ns2": 12250429.853416573,
        "iqr_ns": 2474.6854665911505,
        "q1_ns": 9689.38197842343,
        "q3_ns": 12164.06744501458
      },
      "runq_latency_stats_ns": {
        "count": 91.0,
        "sum_ns": 508547.1000066602,
        "mean_ns": 5588.429670402859,
        "median_ns": 2508.4291823109334,
        "min_ns": 1175.0,
        "max_ns": 120994.3,
        "variance_ns2": 186522573.6851873,
        "iqr_ns": 4849.829838032915,
        "q1_ns": 1525.1197817791663,
        "q3_ns": 6374.949619812081
      },
      "first_seen_ts_ns": 1747682750737781590,
      "last_seen_ts_ns": 1747682817199142902,
      "duration_active_s": 66.461361312
    }
  ]
}
[19:26:57] Cleanup complete. Exiting.
