unlimited
PROGRAM: cpu
Looking for /opt/programs/cpu/ebpf-collect.c
[19:24:53] Waiting for start indicator file: '/mnt/flux/start_ebpf_collection'.
[19:25:48] Start indicator found. Proceeding with monitoring.
[19:25:48] Initializing eBPF for CPU Scheduling monitoring...
[19:25:49] BPF C code compiled and loaded.
[19:25:49] Attached tracepoints.
[19:25:49] Monitoring CPU scheduling events (polling aggregated map)... Press Ctrl+C to stop.
[19:26:57] Stop indicator file '/mnt/flux/stop_ebpf_collection' found. Stopping.
[19:26:57] Initiating cleanup sequence...
{
  "final_aggregated_summary_river": [
    {
      "tgid": 1,
      "comm": "pause",
      "cgroup_id": 10435,
      "on_cpu_stats_ns": {
        "count": 11.0,
        "sum_ns": 1557645.8444444444,
        "mean_ns": 141604.16767676768,
        "median_ns": 126297.0,
        "min_ns": 72883.5,
        "max_ns": 291768.0,
        "variance_ns2": 3198294472.0037146,
        "iqr_ns": 49785.39114583333,
        "q1_ns": 108251.7421875,
        "q3_ns": 158037.13333333333
      },
      "runq_latency_stats_ns": {
        "count": 11.0,
        "sum_ns": 267496.2,
        "mean_ns": 24317.836363636365,
        "median_ns": 22513.56333333333,
        "min_ns": 1838.0,
        "max_ns": 79770.0,
        "variance_ns2": 455829419.7345455,
        "iqr_ns": 26044.322222222218,
        "q1_ns": 12204.9,
        "q3_ns": 38249.22222222222
      },
      "first_seen_ts_ns": 1747682750969630756,
      "last_seen_ts_ns": 1747682817122268488,
      "duration_active_s": 66.152637732
    },
    {
      "tgid": 86,
      "comm": "python3",
      "cgroup_id": 10593,
      "on_cpu_stats_ns": {
        "count": 81.0,
        "sum_ns": 1113402.4421517926,
        "mean_ns": 13745.70916236781,
        "median_ns": 13108.84914871762,
        "min_ns": 11087.818181818182,
        "max_ns": 25994.833333333332,
        "variance_ns2": 4841589.754855846,
        "iqr_ns": 2679.9148561742004,
        "q1_ns": 12266.012317107436,
        "q3_ns": 14945.927173281636
      },
      "runq_latency_stats_ns": {
        "count": 81.0,
        "sum_ns": 1227174.8226089168,
        "mean_ns": 15150.306451961935,
        "median_ns": 3874.9071010538837,
        "min_ns": 1526.9259259259259,
        "max_ns": 311135.5,
        "variance_ns2": 1544025622.9825363,
        "iqr_ns": 5508.5173842192125,
        "q1_ns": 2490.7988978964518,
        "q3_ns": 7999.316282115664
      },
      "first_seen_ts_ns": 1747682750665809532,
      "last_seen_ts_ns": 1747682816718681961,
      "duration_active_s": 66.052872429
    }
  ]
}
[19:26:57] Cleanup complete. Exiting.
