unlimited
PROGRAM: cpu
Looking for /opt/programs/cpu/ebpf-collect.c
[22:52:28] Waiting for start indicator file: '/mnt/flux/start_ebpf_collection'.
[22:53:40] Start indicator found. Proceeding with monitoring.
[22:53:40] Initializing eBPF for CPU Scheduling monitoring...
[22:53:41] BPF C code compiled and loaded.
[22:53:41] Attached tracepoints.
[22:53:41] Monitoring CPU scheduling events (polling aggregated map)... Press Ctrl+C to stop.
[22:55:01] Stop indicator file '/mnt/flux/stop_ebpf_collection' found. Stopping.
[22:55:01] Initiating cleanup sequence...
{
  "final_aggregated_summary_river": [
    {
      "tgid": 28,
      "comm": "bash",
      "cgroup_id": 10277,
      "on_cpu_stats_ns": {
        "count": 143.0,
        "sum_ns": 3119384.984993035,
        "mean_ns": 21813.88101393731,
        "median_ns": 8010.8984120648265,
        "min_ns": 3055.0,
        "max_ns": 215512.0,
        "variance_ns2": 1107982887.8610811,
        "iqr_ns": 11507.546660761356,
        "q1_ns": 6300.706189751884,
        "q3_ns": 17808.25285051324
      },
      "runq_latency_stats_ns": {
        "count": 143.0,
        "sum_ns": 4893981.587334418,
        "mean_ns": 34223.647463877045,
        "median_ns": 9804.039148151214,
        "min_ns": 1261.0,
        "max_ns": 535958.0,
        "variance_ns2": 5953035858.430494,
        "iqr_ns": 20058.078154405943,
        "q1_ns": 4351.072891669375,
        "q3_ns": 24409.151046075316
      },
      "first_seen_ts_ns": 1748127224286078371,
      "last_seen_ts_ns": 1748127301039838213,
      "duration_active_s": 76.753759842
    },
    {
      "tgid": 1,
      "comm": "pause",
      "cgroup_id": 10119,
      "on_cpu_stats_ns": {
        "count": 11.0,
        "sum_ns": 1626905.9,
        "mean_ns": 147900.53636363635,
        "median_ns": 125217.0,
        "min_ns": 73072.5,
        "max_ns": 429649.5,
        "variance_ns2": 9179852796.414545,
        "iqr_ns": 18997.04444444446,
        "q1_ns": 113588.7,
        "q3_ns": 132585.74444444446
      },
      "runq_latency_stats_ns": {
        "count": 11.0,
        "sum_ns": 985726.5,
        "mean_ns": 89611.5,
        "median_ns": 21632.010000000002,
        "min_ns": 2059.5,
        "max_ns": 806953.5,
        "variance_ns2": 56735112107.3,
        "iqr_ns": 11737.074074074073,
        "q1_ns": 13035.925925925927,
        "q3_ns": 24773.0
      },
      "first_seen_ts_ns": 1748127223144785066,
      "last_seen_ts_ns": 1748127301039838213,
      "duration_active_s": 77.895053147
    },
    {
      "tgid": 48,
      "comm": "bash",
      "cgroup_id": 10416,
      "on_cpu_stats_ns": {
        "count": 97.0,
        "sum_ns": 1035452.8731965028,
        "mean_ns": 10674.77188862374,
        "median_ns": 10236.614725972106,
        "min_ns": 8194.5,
        "max_ns": 25726.75,
        "variance_ns2": 6109534.521883253,
        "iqr_ns": 2434.43575093041,
        "q1_ns": 9023.940080473858,
        "q3_ns": 11458.375831404268
      },
      "runq_latency_stats_ns": {
        "count": 97.0,
        "sum_ns": 1092540.4859437097,
        "mean_ns": 11263.303978801132,
        "median_ns": 5489.8893511139995,
        "min_ns": 1897.4,
        "max_ns": 129441.38888888889,
        "variance_ns2": 317586443.3980141,
        "iqr_ns": 5278.897668691798,
        "q1_ns": 4080.4222055280093,
        "q3_ns": 9359.319874219807
      },
      "first_seen_ts_ns": 1748127222234376137,
      "last_seen_ts_ns": 1748127300736908477,
      "duration_active_s": 78.50253234
    }
  ]
}
[22:55:01] Cleanup complete. Exiting.
