unlimited
PROGRAM: cpu
Looking for /opt/programs/cpu/ebpf-collect.c
[22:52:28] Waiting for start indicator file: '/mnt/flux/start_ebpf_collection'.
[22:53:40] Start indicator found. Proceeding with monitoring.
[22:53:40] Initializing eBPF for CPU Scheduling monitoring...
[22:53:41] BPF C code compiled and loaded.
[22:53:41] Attached tracepoints.
[22:53:41] Monitoring CPU scheduling events (polling aggregated map)... Press Ctrl+C to stop.
[22:55:01] Stop indicator file '/mnt/flux/stop_ebpf_collection' found. Stopping.
[22:55:01] Initiating cleanup sequence...
{
  "final_aggregated_summary_river": [
    {
      "tgid": 1,
      "comm": "pause",
      "cgroup_id": 10035,
      "on_cpu_stats_ns": {
        "count": 14.0,
        "sum_ns": 1801274.2857142857,
        "mean_ns": 128662.44897959183,
        "median_ns": 117672.14409722222,
        "min_ns": 69343.5,
        "max_ns": 191481.0,
        "variance_ns2": 1301799994.7507286,
        "iqr_ns": 30709.104232804224,
        "q1_ns": 114918.68214285716,
        "q3_ns": 145627.78637566138
      },
      "runq_latency_stats_ns": {
        "count": 13.0,
        "sum_ns": 239314.99999999997,
        "mean_ns": 18408.846153846152,
        "median_ns": 16877.640952380953,
        "min_ns": 1221.0,
        "max_ns": 50595.0,
        "variance_ns2": 290339851.8076923,
        "iqr_ns": 17307.866666666665,
        "q1_ns": 7918.911111111112,
        "q3_ns": 25226.777777777777
      },
      "first_seen_ts_ns": 1748127221913472243,
      "last_seen_ts_ns": 1748127301028425458,
      "duration_active_s": 79.114953215
    },
    {
      "tgid": 48,
      "comm": "bash",
      "cgroup_id": 10332,
      "on_cpu_stats_ns": {
        "count": 97.0,
        "sum_ns": 951125.3851138868,
        "mean_ns": 9805.416341380276,
        "median_ns": 9225.644842717209,
        "min_ns": 7541.9,
        "max_ns": 23934.0,
        "variance_ns2": 5360237.187186959,
        "iqr_ns": 2580.6574298851956,
        "q1_ns": 8480.001061466328,
        "q3_ns": 11060.658491351523
      },
      "runq_latency_stats_ns": {
        "count": 97.0,
        "sum_ns": 646309.5050713813,
        "mean_ns": 6662.984588364756,
        "median_ns": 4624.108698898994,
        "min_ns": 1397.0,
        "max_ns": 61129.0,
        "variance_ns2": 83472834.86638778,
        "iqr_ns": 2138.193074866403,
        "q1_ns": 3693.081340457092,
        "q3_ns": 5831.274415323495
      },
      "first_seen_ts_ns": 1748127222223760833,
      "last_seen_ts_ns": 1748127300725341045,
      "duration_active_s": 78.501580212
    }
  ]
}
[22:55:01] Cleanup complete. Exiting.
