unlimited
PROGRAM: cpu
Looking for /opt/programs/cpu/ebpf-collect.c
[22:52:18] Waiting for start indicator file: '/mnt/flux/start_ebpf_collection'.
[22:53:41] Start indicator found. Proceeding with monitoring.
[22:53:41] Initializing eBPF for CPU Scheduling monitoring...
[22:53:42] BPF C code compiled and loaded.
[22:53:42] Attached tracepoints.
[22:53:42] Monitoring CPU scheduling events (polling aggregated map)... Press Ctrl+C to stop.
[22:55:01] Stop indicator file '/mnt/flux/stop_ebpf_collection' found. Stopping.
[22:55:01] Initiating cleanup sequence...
{
  "final_aggregated_summary_river": [
    {
      "tgid": 87,
      "comm": "python3",
      "cgroup_id": 10193,
      "on_cpu_stats_ns": {
        "count": 100.0,
        "sum_ns": 1573688.2163142923,
        "mean_ns": 15736.882163142922,
        "median_ns": 14889.567675100516,
        "min_ns": 9879.5,
        "max_ns": 43701.333333333336,
        "variance_ns2": 21299183.130877543,
        "iqr_ns": 3357.3266189184124,
        "q1_ns": 13137.700897205958,
        "q3_ns": 16495.02751612437
      },
      "runq_latency_stats_ns": {
        "count": 100.0,
        "sum_ns": 1173468.694551424,
        "mean_ns": 11734.686945514239,
        "median_ns": 2959.8971834281497,
        "min_ns": 1134.5,
        "max_ns": 328042.5,
        "variance_ns2": 1369244123.4149766,
        "iqr_ns": 1237.2863088170557,
        "q1_ns": 2229.0882993933587,
        "q3_ns": 3466.3746082104144
      },
      "first_seen_ts_ns": 1748127222183120840,
      "last_seen_ts_ns": 1748127301059986203,
      "duration_active_s": 78.876865363
    },
    {
      "tgid": 1,
      "comm": "pause",
      "cgroup_id": 10035,
      "on_cpu_stats_ns": {
        "count": 11.0,
        "sum_ns": 1485525.2950000004,
        "mean_ns": 135047.75409090912,
        "median_ns": 118597.37144444445,
        "min_ns": 28862.0,
        "max_ns": 275526.92,
        "variance_ns2": 3652981715.3091836,
        "iqr_ns": 23515.066666666666,
        "q1_ns": 101735.93333333333,
        "q3_ns": 125251.0
      },
      "runq_latency_stats_ns": {
        "count": 11.0,
        "sum_ns": 163290.56666666665,
        "mean_ns": 14844.59696969697,
        "median_ns": 4569.117222222221,
        "min_ns": 775.0,
        "max_ns": 94341.16666666667,
        "variance_ns2": 740606074.2467678,
        "iqr_ns": 2551.6527777777783,
        "q1_ns": 3488.3472222222217,
        "q3_ns": 6040.0
      },
      "first_seen_ts_ns": 1748127223914654292,
      "last_seen_ts_ns": 1748127301059986203,
      "duration_active_s": 77.145331911
    },
    {
      "tgid": 29,
      "comm": "bash",
      "cgroup_id": 10193,
      "on_cpu_stats_ns": {
        "count": 3.0,
        "sum_ns": 77627.5,
        "mean_ns": 25875.833333333336,
        "median_ns": 16121.0,
        "min_ns": 13004.5,
        "max_ns": 48502.0,
        "variance_ns2": 386385706.5833334,
        "iqr_ns": 35497.5,
        "q1_ns": 13004.5,
        "q3_ns": 48502.0
      },
      "runq_latency_stats_ns": {
        "count": 2.0,
        "sum_ns": 250141.0,
        "mean_ns": 125070.5,
        "median_ns": 201190.0,
        "min_ns": 48951.0,
        "max_ns": 201190.0,
        "variance_ns2": 11588356560.5,
        "iqr_ns": 152239.0,
        "q1_ns": 48951.0,
        "q3_ns": 201190.0
      },
      "first_seen_ts_ns": 1748127222183120840,
      "last_seen_ts_ns": 1748127301059986203,
      "duration_active_s": 78.876865363
    }
  ]
}
[22:55:01] Cleanup complete. Exiting.
