unlimited
PROGRAM: cpu
Looking for /opt/programs/cpu/ebpf-collect.c
[22:52:39] Waiting for start indicator file: '/mnt/flux/start_ebpf_collection'.
[22:53:41] Start indicator found. Proceeding with monitoring.
[22:53:41] Initializing eBPF for CPU Scheduling monitoring...
[22:53:42] BPF C code compiled and loaded.
[22:53:42] Attached tracepoints.
[22:53:42] Monitoring CPU scheduling events (polling aggregated map)... Press Ctrl+C to stop.
[22:55:01] Stop indicator file '/mnt/flux/stop_ebpf_collection' found. Stopping.
[22:55:01] Initiating cleanup sequence...
{
  "final_aggregated_summary_river": [
    {
      "tgid": 84,
      "comm": "flux-broker-27",
      "cgroup_id": 10416,
      "on_cpu_stats_ns": {
        "count": 97.0,
        "sum_ns": 1544941.9718103416,
        "mean_ns": 15927.236822787027,
        "median_ns": 15437.848040035438,
        "min_ns": 10850.846153846154,
        "max_ns": 42595.6,
        "variance_ns2": 15556539.577028988,
        "iqr_ns": 2181.693749358141,
        "q1_ns": 14350.119541766058,
        "q3_ns": 16531.8132911242
      },
      "runq_latency_stats_ns": {
        "count": 97.0,
        "sum_ns": 1037662.5663006358,
        "mean_ns": 10697.552229903462,
        "median_ns": 2986.731322026407,
        "min_ns": 1522.25,
        "max_ns": 212865.2037037037,
        "variance_ns2": 882060763.2488891,
        "iqr_ns": 2265.000381524854,
        "q1_ns": 2304.017791949465,
        "q3_ns": 4569.018173474319
      },
      "first_seen_ts_ns": 1748127223632715017,
      "last_seen_ts_ns": 1748127300642843643,
      "duration_active_s": 77.010128626
    },
    {
      "tgid": 1,
      "comm": "pause",
      "cgroup_id": 10119,
      "on_cpu_stats_ns": {
        "count": 11.0,
        "sum_ns": 1516251.575,
        "mean_ns": 137841.05227272728,
        "median_ns": 136394.39666666667,
        "min_ns": 107616.7,
        "max_ns": 170869.875,
        "variance_ns2": 243790898.8225569,
        "iqr_ns": 18480.838402777794,
        "q1_ns": 132035.16333333333,
        "q3_ns": 150516.00173611112
      },
      "runq_latency_stats_ns": {
        "count": 11.0,
        "sum_ns": 222976.5,
        "mean_ns": 20270.590909090908,
        "median_ns": 19333.1675,
        "min_ns": 2058.0,
        "max_ns": 48919.0,
        "variance_ns2": 264183613.1409091,
        "iqr_ns": 27169.258159722223,
        "q1_ns": 10124.57517361111,
        "q3_ns": 37293.833333333336
      },
      "first_seen_ts_ns": 1748127223025559976,
      "last_seen_ts_ns": 1748127301048125161,
      "duration_active_s": 78.022565185
    },
    {
      "tgid": 29,
      "comm": "bash",
      "cgroup_id": 10277,
      "on_cpu_stats_ns": {
        "count": 1.0,
        "sum_ns": 23419.0,
        "mean_ns": 23419.0,
        "median_ns": 23419.0,
        "min_ns": 23419.0,
        "max_ns": 23419.0,
        "variance_ns2": null,
        "iqr_ns": 0.0,
        "q1_ns": 23419.0,
        "q3_ns": 23419.0
      },
      "runq_latency_stats_ns": {
        "count": 1.0,
        "sum_ns": 1622.0,
        "mean_ns": 1622.0,
        "median_ns": 1622.0,
        "min_ns": 1622.0,
        "max_ns": 1622.0,
        "variance_ns2": null,
        "iqr_ns": 0.0,
        "q1_ns": 1622.0,
        "q3_ns": 1622.0
      },
      "first_seen_ts_ns": 1748127267889441977,
      "last_seen_ts_ns": 1748127267889441977,
      "duration_active_s": 0
    }
  ]
}
[22:55:01] Cleanup complete. Exiting.
