unlimited
PROGRAM: cpu
Looking for /opt/programs/cpu/ebpf-collect.c
[22:52:34] Waiting for start indicator file: '/mnt/flux/start_ebpf_collection'.
[22:53:41] Start indicator found. Proceeding with monitoring.
[22:53:41] Initializing eBPF for CPU Scheduling monitoring...
[22:53:42] BPF C code compiled and loaded.
[22:53:42] Attached tracepoints.
[22:53:42] Monitoring CPU scheduling events (polling aggregated map)... Press Ctrl+C to stop.
[22:55:01] Stop indicator file '/mnt/flux/stop_ebpf_collection' found. Stopping.
[22:55:01] Initiating cleanup sequence...
{
  "final_aggregated_summary_river": [
    {
      "tgid": 1,
      "comm": "pause",
      "cgroup_id": 10119,
      "on_cpu_stats_ns": {
        "count": 11.0,
        "sum_ns": 1691988.1666666665,
        "mean_ns": 153817.10606060605,
        "median_ns": 137099.0,
        "min_ns": 72030.0,
        "max_ns": 338946.6666666667,
        "variance_ns2": 5959685667.223739,
        "iqr_ns": 54654.81851851853,
        "q1_ns": 112553.5,
        "q3_ns": 167208.31851851853
      },
      "runq_latency_stats_ns": {
        "count": 11.0,
        "sum_ns": 235527.5,
        "mean_ns": 21411.590909090908,
        "median_ns": 18932.6,
        "min_ns": 875.0,
        "max_ns": 88809.5,
        "variance_ns2": 601838523.2409091,
        "iqr_ns": 13570.32222222222,
        "q1_ns": 10283.844444444445,
        "q3_ns": 23854.166666666664
      },
      "first_seen_ts_ns": 1748127223073962742,
      "last_seen_ts_ns": 1748127301067686007,
      "duration_active_s": 77.993723265
    },
    {
      "tgid": 48,
      "comm": "bash",
      "cgroup_id": 10416,
      "on_cpu_stats_ns": {
        "count": 106.0,
        "sum_ns": 1372648.8475260693,
        "mean_ns": 12949.51742949122,
        "median_ns": 12339.804412919466,
        "min_ns": 6592.0,
        "max_ns": 48079.5,
        "variance_ns2": 23169202.57689154,
        "iqr_ns": 2574.158220107476,
        "q1_ns": 10965.882035625475,
        "q3_ns": 13540.04025573295
      },
      "runq_latency_stats_ns": {
        "count": 106.0,
        "sum_ns": 920858.4726120613,
        "mean_ns": 8687.344081245861,
        "median_ns": 6429.2230499345915,
        "min_ns": 1305.375,
        "max_ns": 80418.0,
        "variance_ns2": 94067930.60130677,
        "iqr_ns": 11519.130365059887,
        "q1_ns": 2009.7842175756687,
        "q3_ns": 13528.914582635556
      },
      "first_seen_ts_ns": 1748127222263084793,
      "last_seen_ts_ns": 1748127300763757264,
      "duration_active_s": 78.500672471
    }
  ]
}
[22:55:01] Cleanup complete. Exiting.
