unlimited
PROGRAM: cpu
Looking for /opt/programs/cpu/ebpf-collect.c
[22:52:35] Waiting for start indicator file: '/mnt/flux/start_ebpf_collection'.
[22:53:40] Start indicator found. Proceeding with monitoring.
[22:53:40] Initializing eBPF for CPU Scheduling monitoring...
[22:53:42] BPF C code compiled and loaded.
[22:53:42] Attached tracepoints.
[22:53:42] Monitoring CPU scheduling events (polling aggregated map)... Press Ctrl+C to stop.
[22:55:01] Stop indicator file '/mnt/flux/stop_ebpf_collection' found. Stopping.
[22:55:01] Initiating cleanup sequence...
{
  "final_aggregated_summary_river": [
    {
      "tgid": 1,
      "comm": "pause",
      "cgroup_id": 10119,
      "on_cpu_stats_ns": {
        "count": 11.0,
        "sum_ns": 1811032.7666666666,
        "mean_ns": 164639.3424242424,
        "median_ns": 169578.04,
        "min_ns": 116378.0,
        "max_ns": 256503.16666666666,
        "variance_ns2": 1569942465.023131,
        "iqr_ns": 46850.1462962963,
        "q1_ns": 139434.18703703705,
        "q3_ns": 186284.33333333334
      },
      "runq_latency_stats_ns": {
        "count": 11.0,
        "sum_ns": 361106.2,
        "mean_ns": 32827.836363636365,
        "median_ns": 5251.808641975309,
        "min_ns": 1467.0,
        "max_ns": 268832.0,
        "variance_ns2": 6234075496.134546,
        "iqr_ns": 7901.370370370372,
        "q1_ns": 2691.0,
        "q3_ns": 10592.370370370372
      },
      "first_seen_ts_ns": 1748127227309195566,
      "last_seen_ts_ns": 1748127301053691500,
      "duration_active_s": 73.744495934
    },
    {
      "tgid": 49,
      "comm": "bash",
      "cgroup_id": 10416,
      "on_cpu_stats_ns": {
        "count": 103.0,
        "sum_ns": 1136603.6374948085,
        "mean_ns": 11034.986771794258,
        "median_ns": 10838.90271412062,
        "min_ns": 8236.6,
        "max_ns": 26787.0,
        "variance_ns2": 6881151.983364687,
        "iqr_ns": 3815.1136611921174,
        "q1_ns": 9258.565046881833,
        "q3_ns": 13073.67870807395
      },
      "runq_latency_stats_ns": {
        "count": 103.0,
        "sum_ns": 36485967.19443662,
        "mean_ns": 354232.69120812253,
        "median_ns": 16913.680441399927,
        "min_ns": 1627.2,
        "max_ns": 35526629.0,
        "variance_ns2": 12247623673204.836,
        "iqr_ns": 81587.17084983503,
        "q1_ns": 3518.590710594807,
        "q3_ns": 85105.76156042985
      },
      "first_seen_ts_ns": 1748127222329213527,
      "last_seen_ts_ns": 1748127300649966944,
      "duration_active_s": 78.320753417
    },
    {
      "tgid": 29,
      "comm": "bash",
      "cgroup_id": 10277,
      "on_cpu_stats_ns": {
        "count": 1.0,
        "sum_ns": 13776.5,
        "mean_ns": 13776.5,
        "median_ns": 13776.5,
        "min_ns": 13776.5,
        "max_ns": 13776.5,
        "variance_ns2": null,
        "iqr_ns": 0.0,
        "q1_ns": 13776.5,
        "q3_ns": 13776.5
      },
      "runq_latency_stats_ns": {
        "count": 1.0,
        "sum_ns": 46466.0,
        "mean_ns": 46466.0,
        "median_ns": 46466.0,
        "min_ns": 46466.0,
        "max_ns": 46466.0,
        "variance_ns2": null,
        "iqr_ns": 0.0,
        "q1_ns": 46466.0,
        "q3_ns": 46466.0
      },
      "first_seen_ts_ns": 1748127271173255446,
      "last_seen_ts_ns": 1748127271173255446,
      "duration_active_s": 0
    }
  ]
}
[22:55:01] Cleanup complete. Exiting.
