unlimited
PROGRAM: cpu
Looking for /opt/programs/cpu/ebpf-collect.c
[22:52:23] Waiting for start indicator file: '/mnt/flux/start_ebpf_collection'.
[22:53:41] Start indicator found. Proceeding with monitoring.
[22:53:41] Initializing eBPF for CPU Scheduling monitoring...
[22:53:42] BPF C code compiled and loaded.
[22:53:42] Attached tracepoints.
[22:53:42] Monitoring CPU scheduling events (polling aggregated map)... Press Ctrl+C to stop.
[22:55:01] Stop indicator file '/mnt/flux/stop_ebpf_collection' found. Stopping.
[22:55:01] Initiating cleanup sequence...
{
  "final_aggregated_summary_river": [
    {
      "tgid": 1,
      "comm": "pause",
      "cgroup_id": 10119,
      "on_cpu_stats_ns": {
        "count": 11.0,
        "sum_ns": 1874183.4204545454,
        "mean_ns": 170380.31095041323,
        "median_ns": 132490.69444444444,
        "min_ns": 73466.5,
        "max_ns": 582138.5454545454,
        "variance_ns2": 19176176056.142,
        "iqr_ns": 24853.507002314844,
        "q1_ns": 119276.0,
        "q3_ns": 144129.50700231484
      },
      "runq_latency_stats_ns": {
        "count": 11.0,
        "sum_ns": 145182.33333333334,
        "mean_ns": 13198.39393939394,
        "median_ns": 4389.666666666666,
        "min_ns": 1579.0,
        "max_ns": 60462.5,
        "variance_ns2": 332318751.4570707,
        "iqr_ns": 12703.90763888889,
        "q1_ns": 2546.4444444444443,
        "q3_ns": 15250.352083333333
      },
      "first_seen_ts_ns": 1748127224208687173,
      "last_seen_ts_ns": 1748127301064257655,
      "duration_active_s": 76.855570482
    },
    {
      "tgid": 86,
      "comm": "python3",
      "cgroup_id": 10277,
      "on_cpu_stats_ns": {
        "count": 93.0,
        "sum_ns": 1559945.277177784,
        "mean_ns": 16773.605130943914,
        "median_ns": 16488.023584537234,
        "min_ns": 10379.7,
        "max_ns": 47029.0,
        "variance_ns2": 16917281.829502206,
        "iqr_ns": 2778.860025068783,
        "q1_ns": 15035.564490278526,
        "q3_ns": 17814.42451534731
      },
      "runq_latency_stats_ns": {
        "count": 93.0,
        "sum_ns": 1121563.8522008066,
        "mean_ns": 12059.826367750607,
        "median_ns": 3634.7133787131206,
        "min_ns": 1341.0,
        "max_ns": 200554.12962962964,
        "variance_ns2": 833626253.1404988,
        "iqr_ns": 1828.6404149577334,
        "q1_ns": 2909.3293694755753,
        "q3_ns": 4737.969784433309
      },
      "first_seen_ts_ns": 1748127222389185414,
      "last_seen_ts_ns": 1748127301064257655,
      "duration_active_s": 78.675072241
    }
  ]
}
[22:55:01] Cleanup complete. Exiting.
