unlimited
PROGRAM: cpu
Looking for /opt/programs/cpu/ebpf-collect.c
[22:52:39] Waiting for start indicator file: '/mnt/flux/start_ebpf_collection'.
[22:53:40] Start indicator found. Proceeding with monitoring.
[22:53:40] Initializing eBPF for CPU Scheduling monitoring...
[22:53:42] BPF C code compiled and loaded.
[22:53:42] Attached tracepoints.
[22:53:42] Monitoring CPU scheduling events (polling aggregated map)... Press Ctrl+C to stop.
[22:55:01] Stop indicator file '/mnt/flux/stop_ebpf_collection' found. Stopping.
[22:55:01] Initiating cleanup sequence...
{
  "final_aggregated_summary_river": [
    {
      "tgid": 1,
      "comm": "pause",
      "cgroup_id": 10119,
      "on_cpu_stats_ns": {
        "count": 12.0,
        "sum_ns": 1657732.475,
        "mean_ns": 138144.37291666667,
        "median_ns": 125150.83333333334,
        "min_ns": 113766.0,
        "max_ns": 204219.875,
        "variance_ns2": 832507134.046075,
        "iqr_ns": 22132.12812499999,
        "q1_ns": 118028.65625,
        "q3_ns": 140160.784375
      },
      "runq_latency_stats_ns": {
        "count": 12.0,
        "sum_ns": 227756.0,
        "mean_ns": 18979.666666666668,
        "median_ns": 15683.12,
        "min_ns": 1121.0,
        "max_ns": 60205.0,
        "variance_ns2": 329988258.7587879,
        "iqr_ns": 22301.691203703704,
        "q1_ns": 6264.933333333333,
        "q3_ns": 28566.624537037038
      },
      "first_seen_ts_ns": 1748127225957120403,
      "last_seen_ts_ns": 1748127301079196845,
      "duration_active_s": 75.122076442
    },
    {
      "tgid": 29,
      "comm": "bash",
      "cgroup_id": 10277,
      "on_cpu_stats_ns": {
        "count": 2.0,
        "sum_ns": 29309.333333333336,
        "mean_ns": 14654.666666666668,
        "median_ns": 16284.0,
        "min_ns": 13025.333333333334,
        "max_ns": 16284.0,
        "variance_ns2": 5309454.222222217,
        "iqr_ns": 3258.666666666666,
        "q1_ns": 13025.333333333334,
        "q3_ns": 16284.0
      },
      "runq_latency_stats_ns": {
        "count": 2.0,
        "sum_ns": 311068.0,
        "mean_ns": 155534.0,
        "median_ns": 231465.0,
        "min_ns": 79603.0,
        "max_ns": 231465.0,
        "variance_ns2": 11531033522.0,
        "iqr_ns": 151862.0,
        "q1_ns": 79603.0,
        "q3_ns": 231465.0
      },
      "first_seen_ts_ns": 1748127266746029859,
      "last_seen_ts_ns": 1748127301079196845,
      "duration_active_s": 34.333166986
    }
  ]
}
[22:55:01] Cleanup complete. Exiting.
