unlimited
PROGRAM: cpu
Looking for /opt/programs/cpu/ebpf-collect.c
[22:52:18] Waiting for start indicator file: '/mnt/flux/start_ebpf_collection'.
[22:53:41] Start indicator found. Proceeding with monitoring.
[22:53:41] Initializing eBPF for CPU Scheduling monitoring...
[22:53:41] BPF C code compiled and loaded.
[22:53:41] Attached tracepoints.
[22:53:41] Monitoring CPU scheduling events (polling aggregated map)... Press Ctrl+C to stop.
[22:55:01] Stop indicator file '/mnt/flux/stop_ebpf_collection' found. Stopping.
[22:55:01] Initiating cleanup sequence...
{
  "final_aggregated_summary_river": [
    {
      "tgid": 28,
      "comm": "bash",
      "cgroup_id": 10277,
      "on_cpu_stats_ns": {
        "count": 125.0,
        "sum_ns": 5438061.186655522,
        "mean_ns": 43504.48949324418,
        "median_ns": 6838.9387407804525,
        "min_ns": 2200.0,
        "max_ns": 3159481.0,
        "variance_ns2": 79679374364.09193,
        "iqr_ns": 30074.94744244652,
        "q1_ns": 5321.2339195151535,
        "q3_ns": 35396.18136196167
      },
      "runq_latency_stats_ns": {
        "count": 125.0,
        "sum_ns": 1644972.1008615147,
        "mean_ns": 13159.776806892118,
        "median_ns": 5914.627372351675,
        "min_ns": 1095.0,
        "max_ns": 69062.7,
        "variance_ns2": 269219198.21773833,
        "iqr_ns": 7327.139789511952,
        "q1_ns": 3897.5871519825537,
        "q3_ns": 11224.726941494506
      },
      "first_seen_ts_ns": 1748127226220546169,
      "last_seen_ts_ns": 1748127301055407703,
      "duration_active_s": 74.834861534
    },
    {
      "tgid": 1,
      "comm": "pause",
      "cgroup_id": 10119,
      "on_cpu_stats_ns": {
        "count": 12.0,
        "sum_ns": 1553809.2588235294,
        "mean_ns": 129484.10490196079,
        "median_ns": 127280.37999999999,
        "min_ns": 60156.5,
        "max_ns": 186056.0,
        "variance_ns2": 814638364.029914,
        "iqr_ns": 21718.00833333336,
        "q1_ns": 123582.98749999999,
        "q3_ns": 145300.99583333335
      },
      "runq_latency_stats_ns": {
        "count": 12.0,
        "sum_ns": 234599.73333333334,
        "mean_ns": 19549.977777777778,
        "median_ns": 18787.080555555553,
        "min_ns": 732.0,
        "max_ns": 94724.0,
        "variance_ns2": 690539067.7028955,
        "iqr_ns": 24586.008064343274,
        "q1_ns": 5876.7697134345,
        "q3_ns": 30462.777777777774
      },
      "first_seen_ts_ns": 1748127221968249249,
      "last_seen_ts_ns": 1748127301055407703,
      "duration_active_s": 79.087158454
    },
    {
      "tgid": 86,
      "comm": "python3",
      "cgroup_id": 10277,
      "on_cpu_stats_ns": {
        "count": 101.0,
        "sum_ns": 1549662.4540488045,
        "mean_ns": 15343.192614344598,
        "median_ns": 12692.319988614447,
        "min_ns": 9538.0,
        "max_ns": 94997.0,
        "variance_ns2": 116906850.1662406,
        "iqr_ns": 888.5131173004102,
        "q1_ns": 12263.698144080356,
        "q3_ns": 13152.211261380766
      },
      "runq_latency_stats_ns": {
        "count": 101.0,
        "sum_ns": 1756514.6616775405,
        "mean_ns": 17391.234274035054,
        "median_ns": 2119.7584470527154,
        "min_ns": 1229.4285714285713,
        "max_ns": 947845.0,
        "variance_ns2": 9247241705.954626,
        "iqr_ns": 571.2602492709354,
        "q1_ns": 1877.442852604783,
        "q3_ns": 2448.7031018757184
      },
      "first_seen_ts_ns": 1748127222380317202,
      "last_seen_ts_ns": 1748127301055407703,
      "duration_active_s": 78.675090501
    }
  ]
}
[22:55:01] Cleanup complete. Exiting.
