unlimited
PROGRAM: cpu
Looking for /opt/programs/cpu/ebpf-collect.c
[22:52:34] Waiting for start indicator file: '/mnt/flux/start_ebpf_collection'.
[22:53:41] Start indicator found. Proceeding with monitoring.
[22:53:41] Initializing eBPF for CPU Scheduling monitoring...
[22:53:42] BPF C code compiled and loaded.
[22:53:42] Attached tracepoints.
[22:53:42] Monitoring CPU scheduling events (polling aggregated map)... Press Ctrl+C to stop.
[22:55:01] Stop indicator file '/mnt/flux/stop_ebpf_collection' found. Stopping.
[22:55:01] Initiating cleanup sequence...
{
  "final_aggregated_summary_river": [
    {
      "tgid": 1,
      "comm": "pause",
      "cgroup_id": 10119,
      "on_cpu_stats_ns": {
        "count": 12.0,
        "sum_ns": 1942355.1507936507,
        "mean_ns": 161862.92923280422,
        "median_ns": 145850.73958333334,
        "min_ns": 118027.0,
        "max_ns": 343780.4285714286,
        "variance_ns2": 3485557377.5305147,
        "iqr_ns": 18637.558597883588,
        "q1_ns": 136123.61805555556,
        "q3_ns": 154761.17665343915
      },
      "runq_latency_stats_ns": {
        "count": 12.0,
        "sum_ns": 148976.8,
        "mean_ns": 12414.733333333332,
        "median_ns": 8072.0,
        "min_ns": 1215.0,
        "max_ns": 48055.0,
        "variance_ns2": 193338979.14424244,
        "iqr_ns": 14317.739999999998,
        "q1_ns": 2855.166666666667,
        "q3_ns": 17172.906666666666
      },
      "first_seen_ts_ns": 1748127225341419654,
      "last_seen_ts_ns": 1748127301122448110,
      "duration_active_s": 75.781028456
    },
    {
      "tgid": 28,
      "comm": "bash",
      "cgroup_id": 10277,
      "on_cpu_stats_ns": {
        "count": 77.0,
        "sum_ns": 1592029.9469091066,
        "mean_ns": 20675.713596222162,
        "median_ns": 7878.3357301133165,
        "min_ns": 3180.0,
        "max_ns": 156753.0,
        "variance_ns2": 909959363.5458239,
        "iqr_ns": 9583.495178197205,
        "q1_ns": 6480.753486894465,
        "q3_ns": 16064.248665091669
      },
      "runq_latency_stats_ns": {
        "count": 77.0,
        "sum_ns": 1520206.037861287,
        "mean_ns": 19742.935556640088,
        "median_ns": 7085.923764977122,
        "min_ns": 994.0,
        "max_ns": 843418.0,
        "variance_ns2": 9127837187.418924,
        "iqr_ns": 11914.93182207322,
        "q1_ns": 3928.5659322794663,
        "q3_ns": 15843.497754352686
      },
      "first_seen_ts_ns": 1748127227263008528,
      "last_seen_ts_ns": 1748127301122448110,
      "duration_active_s": 73.859439582
    },
    {
      "tgid": 48,
      "comm": "bash",
      "cgroup_id": 10416,
      "on_cpu_stats_ns": {
        "count": 99.0,
        "sum_ns": 1076581.931282073,
        "mean_ns": 10874.564962445182,
        "median_ns": 10416.697304645762,
        "min_ns": 6410.0,
        "max_ns": 26982.285714285714,
        "variance_ns2": 7949199.578931837,
        "iqr_ns": 2419.2199926265475,
        "q1_ns": 9063.752802620138,
        "q3_ns": 11482.972795246686
      },
      "runq_latency_stats_ns": {
        "count": 99.0,
        "sum_ns": 2351202.7917035827,
        "mean_ns": 23749.52314852104,
        "median_ns": 6203.635355532002,
        "min_ns": 1495.8,
        "max_ns": 1214576.388888889,
        "variance_ns2": 15329405602.994713,
        "iqr_ns": 2527.779674481034,
        "q1_ns": 5194.818822954021,
        "q3_ns": 7722.598497435055
      },
      "first_seen_ts_ns": 1748127223620826821,
      "last_seen_ts_ns": 1748127301122448110,
      "duration_active_s": 77.501621289
    }
  ]
}
[22:55:01] Cleanup complete. Exiting.
