unlimited
PROGRAM: cpu
Looking for /opt/programs/cpu/ebpf-collect.c
[22:52:35] Waiting for start indicator file: '/mnt/flux/start_ebpf_collection'.
[22:53:41] Start indicator found. Proceeding with monitoring.
[22:53:41] Initializing eBPF for CPU Scheduling monitoring...
[22:53:42] BPF C code compiled and loaded.
[22:53:42] Attached tracepoints.
[22:53:42] Monitoring CPU scheduling events (polling aggregated map)... Press Ctrl+C to stop.
[22:55:01] Stop indicator file '/mnt/flux/stop_ebpf_collection' found. Stopping.
[22:55:01] Initiating cleanup sequence...
{
  "final_aggregated_summary_river": [
    {
      "tgid": 1,
      "comm": "pause",
      "cgroup_id": 10119,
      "on_cpu_stats_ns": {
        "count": 13.0,
        "sum_ns": 1839634.7380952383,
        "mean_ns": 141510.36446886449,
        "median_ns": 138503.8859126984,
        "min_ns": 69684.5,
        "max_ns": 189370.57142857142,
        "variance_ns2": 859092471.2864119,
        "iqr_ns": 21800.01785714284,
        "q1_ns": 134066.0,
        "q3_ns": 155866.01785714284
      },
      "runq_latency_stats_ns": {
        "count": 13.0,
        "sum_ns": 232823.1,
        "mean_ns": 17909.46923076923,
        "median_ns": 5819.411733333333,
        "min_ns": 1129.0,
        "max_ns": 122792.5,
        "variance_ns2": 1087961657.0789742,
        "iqr_ns": 9760.043096891533,
        "q1_ns": 2124.9289930555556,
        "q3_ns": 11884.972089947089
      },
      "first_seen_ts_ns": 1748127227418123019,
      "last_seen_ts_ns": 1748127301064307679,
      "duration_active_s": 73.64618466
    },
    {
      "tgid": 49,
      "comm": "bash",
      "cgroup_id": 10416,
      "on_cpu_stats_ns": {
        "count": 99.0,
        "sum_ns": 1154292.262726084,
        "mean_ns": 11659.51780531398,
        "median_ns": 11514.977541516348,
        "min_ns": 4644.0,
        "max_ns": 29465.0,
        "variance_ns2": 6020830.084393438,
        "iqr_ns": 1556.4449907414455,
        "q1_ns": 10673.347972274796,
        "q3_ns": 12229.792963016242
      },
      "runq_latency_stats_ns": {
        "count": 99.0,
        "sum_ns": 839947.1821216499,
        "mean_ns": 8484.314970925756,
        "median_ns": 6598.150651845991,
        "min_ns": 1179.5714285714287,
        "max_ns": 55236.0,
        "variance_ns2": 79887868.09646343,
        "iqr_ns": 12317.569359695903,
        "q1_ns": 2174.2322717465404,
        "q3_ns": 14491.801631442444
      },
      "first_seen_ts_ns": 1748127222443471225,
      "last_seen_ts_ns": 1748127300659828923,
      "duration_active_s": 78.216357698
    },
    {
      "tgid": 29,
      "comm": "bash",
      "cgroup_id": 10277,
      "on_cpu_stats_ns": {
        "count": 3.0,
        "sum_ns": 41571.5,
        "mean_ns": 13857.166666666666,
        "median_ns": 13520.5,
        "min_ns": 8444.0,
        "max_ns": 19607.0,
        "variance_ns2": 31238150.583333336,
        "iqr_ns": 11163.0,
        "q1_ns": 8444.0,
        "q3_ns": 19607.0
      },
      "runq_latency_stats_ns": {
        "count": 3.0,
        "sum_ns": 479400.0,
        "mean_ns": 159800.0,
        "median_ns": 49488.0,
        "min_ns": 4599.0,
        "max_ns": 425313.0,
        "variance_ns2": 53376620457.0,
        "iqr_ns": 420714.0,
        "q1_ns": 4599.0,
        "q3_ns": 425313.0
      },
      "first_seen_ts_ns": 1748127222340903341,
      "last_seen_ts_ns": 1748127301064307679,
      "duration_active_s": 78.723404338
    }
  ]
}
[22:55:01] Cleanup complete. Exiting.
