unlimited
PROGRAM: cpu
Looking for /opt/programs/cpu/ebpf-collect.c
[22:52:44] Waiting for start indicator file: '/mnt/flux/start_ebpf_collection'.
[22:53:41] Start indicator found. Proceeding with monitoring.
[22:53:41] Initializing eBPF for CPU Scheduling monitoring...
[22:53:42] BPF C code compiled and loaded.
[22:53:42] Attached tracepoints.
[22:53:42] Monitoring CPU scheduling events (polling aggregated map)... Press Ctrl+C to stop.
[22:55:01] Stop indicator file '/mnt/flux/stop_ebpf_collection' found. Stopping.
[22:55:01] Initiating cleanup sequence...
{
  "final_aggregated_summary_river": [
    {
      "tgid": 1,
      "comm": "pause",
      "cgroup_id": 10119,
      "on_cpu_stats_ns": {
        "count": 11.0,
        "sum_ns": 1721681.095238095,
        "mean_ns": 156516.46320346318,
        "median_ns": 136848.31851851853,
        "min_ns": 112597.0,
        "max_ns": 278689.6666666667,
        "variance_ns2": 3322876027.6172757,
        "iqr_ns": 28027.0625,
        "q1_ns": 117501.9375,
        "q3_ns": 145529.0
      },
      "runq_latency_stats_ns": {
        "count": 11.0,
        "sum_ns": 156921.0,
        "mean_ns": 14265.545454545454,
        "median_ns": 4345.694444444444,
        "min_ns": 808.0,
        "max_ns": 46077.0,
        "variance_ns2": 273960462.27272725,
        "iqr_ns": 14426.930555555555,
        "q1_ns": 2485.777777777778,
        "q3_ns": 16912.708333333332
      },
      "first_seen_ts_ns": 1748127227398007617,
      "last_seen_ts_ns": 1748127301080024596,
      "duration_active_s": 73.682016979
    },
    {
      "tgid": 48,
      "comm": "bash",
      "cgroup_id": 10416,
      "on_cpu_stats_ns": {
        "count": 95.0,
        "sum_ns": 1043335.5915805956,
        "mean_ns": 10982.47991137469,
        "median_ns": 10564.732417944531,
        "min_ns": 6761.0,
        "max_ns": 19449.2,
        "variance_ns2": 7170982.34154198,
        "iqr_ns": 4210.352052027878,
        "q1_ns": 8996.173245253694,
        "q3_ns": 13206.525297281572
      },
      "runq_latency_stats_ns": {
        "count": 95.0,
        "sum_ns": 2235686.441204214,
        "mean_ns": 23533.541486360147,
        "median_ns": 5388.160589945241,
        "min_ns": 1365.9375,
        "max_ns": 768101.8108108108,
        "variance_ns2": 10964970300.515533,
        "iqr_ns": 3851.3020353078336,
        "q1_ns": 4477.091290280841,
        "q3_ns": 8328.393325588675
      },
      "first_seen_ts_ns": 1748127223640988554,
      "last_seen_ts_ns": 1748127300775948407,
      "duration_active_s": 77.134959853
    },
    {
      "tgid": 28,
      "comm": "bash",
      "cgroup_id": 10277,
      "on_cpu_stats_ns": {
        "count": 21.0,
        "sum_ns": 287934.52229437226,
        "mean_ns": 13711.167728303442,
        "median_ns": 7709.249246757563,
        "min_ns": 3666.0,
        "max_ns": 93678.0,
        "variance_ns2": 376227776.8510194,
        "iqr_ns": 8883.075683328141,
        "q1_ns": 6186.899406639349,
        "q3_ns": 15069.975089967491
      },
      "runq_latency_stats_ns": {
        "count": 21.0,
        "sum_ns": 1467074.1654761902,
        "mean_ns": 69860.67454648524,
        "median_ns": 10184.131925805676,
        "min_ns": 1793.0,
        "max_ns": 991802.0,
        "variance_ns2": 45459027109.30031,
        "iqr_ns": 34733.859101694085,
        "q1_ns": 4749.1983057133175,
        "q3_ns": 39483.0574074074
      },
      "first_seen_ts_ns": 1748127222425461267,
      "last_seen_ts_ns": 1748127290474905869,
      "duration_active_s": 68.049444602
    }
  ]
}
[22:55:01] Cleanup complete. Exiting.
