unlimited
PROGRAM: cpu
Looking for /opt/programs/cpu/ebpf-collect.c
[22:52:30] Waiting for start indicator file: '/mnt/flux/start_ebpf_collection'.
[22:53:41] Start indicator found. Proceeding with monitoring.
[22:53:41] Initializing eBPF for CPU Scheduling monitoring...
[22:53:42] BPF C code compiled and loaded.
[22:53:42] Attached tracepoints.
[22:53:42] Monitoring CPU scheduling events (polling aggregated map)... Press Ctrl+C to stop.
[22:55:01] Stop indicator file '/mnt/flux/stop_ebpf_collection' found. Stopping.
[22:55:01] Initiating cleanup sequence...
{
  "final_aggregated_summary_river": [
    {
      "tgid": 1,
      "comm": "pause",
      "cgroup_id": 10119,
      "on_cpu_stats_ns": {
        "count": 11.0,
        "sum_ns": 1402430.7499999998,
        "mean_ns": 127493.70454545453,
        "median_ns": 122544.8,
        "min_ns": 70516.0,
        "max_ns": 200889.0,
        "variance_ns2": 1246612123.4102273,
        "iqr_ns": 13562.833333333328,
        "q1_ns": 113448.5,
        "q3_ns": 127011.33333333333
      },
      "runq_latency_stats_ns": {
        "count": 11.0,
        "sum_ns": 374399.0,
        "mean_ns": 34036.27272727273,
        "median_ns": 12454.779166666667,
        "min_ns": 1346.0,
        "max_ns": 187309.0,
        "variance_ns2": 3208776879.8181815,
        "iqr_ns": 18695.5,
        "q1_ns": 3970.5,
        "q3_ns": 22666.0
      },
      "first_seen_ts_ns": 1748127223099776912,
      "last_seen_ts_ns": 1748127301049875487,
      "duration_active_s": 77.950098575
    },
    {
      "tgid": 28,
      "comm": "bash",
      "cgroup_id": 10277,
      "on_cpu_stats_ns": {
        "count": 55.0,
        "sum_ns": 1107055.4642775238,
        "mean_ns": 20128.28116868225,
        "median_ns": 8574.20492637705,
        "min_ns": 2747.0,
        "max_ns": 206980.25,
        "variance_ns2": 1089928777.385335,
        "iqr_ns": 8188.732114689219,
        "q1_ns": 6534.253064457938,
        "q3_ns": 14722.985179147157
      },
      "runq_latency_stats_ns": {
        "count": 55.0,
        "sum_ns": 824108.5421344787,
        "mean_ns": 14983.791675172339,
        "median_ns": 6423.580354204667,
        "min_ns": 1727.0,
        "max_ns": 214586.41666666666,
        "variance_ns2": 898371465.7383593,
        "iqr_ns": 10833.73082176809,
        "q1_ns": 4791.482495132255,
        "q3_ns": 15625.213316900345
      },
      "first_seen_ts_ns": 1748127225328173514,
      "last_seen_ts_ns": 1748127301049875487,
      "duration_active_s": 75.721701973
    },
    {
      "tgid": 48,
      "comm": "bash",
      "cgroup_id": 10416,
      "on_cpu_stats_ns": {
        "count": 99.0,
        "sum_ns": 941500.6104849372,
        "mean_ns": 9510.107176615527,
        "median_ns": 8983.175549319376,
        "min_ns": 6482.2,
        "max_ns": 14222.944444444445,
        "variance_ns2": 3246401.2174369274,
        "iqr_ns": 1752.8917722255846,
        "q1_ns": 8148.431831133255,
        "q3_ns": 9901.32360335884
      },
      "runq_latency_stats_ns": {
        "count": 99.0,
        "sum_ns": 952681.2571004102,
        "mean_ns": 9623.043001014245,
        "median_ns": 4807.402153591445,
        "min_ns": 1390.6,
        "max_ns": 190670.6851851852,
        "variance_ns2": 437515804.70195854,
        "iqr_ns": 1214.6799487473127,
        "q1_ns": 4150.389565059882,
        "q3_ns": 5365.069513807195
      },
      "first_seen_ts_ns": 1748127222390653628,
      "last_seen_ts_ns": 1748127301049875487,
      "duration_active_s": 78.659221859
    }
  ]
}
[22:55:01] Cleanup complete. Exiting.
