unlimited
PROGRAM: cpu
Looking for /opt/programs/cpu/ebpf-collect.c
[22:52:28] Waiting for start indicator file: '/mnt/flux/start_ebpf_collection'.
[22:53:41] Start indicator found. Proceeding with monitoring.
[22:53:41] Initializing eBPF for CPU Scheduling monitoring...
[22:53:42] BPF C code compiled and loaded.
[22:53:42] Attached tracepoints.
[22:53:42] Monitoring CPU scheduling events (polling aggregated map)... Press Ctrl+C to stop.
[22:55:01] Stop indicator file '/mnt/flux/stop_ebpf_collection' found. Stopping.
[22:55:01] Initiating cleanup sequence...
{
  "final_aggregated_summary_river": [
    {
      "tgid": 49,
      "comm": "bash",
      "cgroup_id": 10416,
      "on_cpu_stats_ns": {
        "count": 602.0,
        "sum_ns": 5771900.462301593,
        "mean_ns": 9587.87452209567,
        "median_ns": 9018.909519043413,
        "min_ns": 4779.0,
        "max_ns": 88984.0,
        "variance_ns2": 23385170.089679323,
        "iqr_ns": 3046.2639131596106,
        "q1_ns": 7247.561461861204,
        "q3_ns": 10293.825375020815
      },
      "runq_latency_stats_ns": {
        "count": 601.0,
        "sum_ns": 20378298.050793674,
        "mean_ns": 33907.31788817583,
        "median_ns": 10838.039845421132,
        "min_ns": 1208.0,
        "max_ns": 3620356.4285714286,
        "variance_ns2": 35678400135.80879,
        "iqr_ns": 9967.435674101564,
        "q1_ns": 6028.307791164292,
        "q3_ns": 15995.743465265856
      },
      "first_seen_ts_ns": 1748127222266695421,
      "last_seen_ts_ns": 1748127301045644517,
      "duration_active_s": 78.778949096
    },
    {
      "tgid": 1,
      "comm": "pause",
      "cgroup_id": 10119,
      "on_cpu_stats_ns": {
        "count": 10.0,
        "sum_ns": 1371236.1904761905,
        "mean_ns": 137123.61904761905,
        "median_ns": 128918.0,
        "min_ns": 111465.33333333333,
        "max_ns": 206725.85714285713,
        "variance_ns2": 820980880.0438395,
        "iqr_ns": 12590.178571428565,
        "q1_ns": 125524.58333333333,
        "q3_ns": 138114.7619047619
      },
      "runq_latency_stats_ns": {
        "count": 10.0,
        "sum_ns": 127348.5,
        "mean_ns": 12734.85,
        "median_ns": 6297.0,
        "min_ns": 2927.0,
        "max_ns": 33179.0,
        "variance_ns2": 136068200.44722226,
        "iqr_ns": 6640.249999999999,
        "q1_ns": 3754.3055555555557,
        "q3_ns": 10394.555555555555
      },
      "first_seen_ts_ns": 1748127231674035028,
      "last_seen_ts_ns": 1748127301045644517,
      "duration_active_s": 69.371609489
    },
    {
      "tgid": 29,
      "comm": "bash",
      "cgroup_id": 10277,
      "on_cpu_stats_ns": {
        "count": 2.0,
        "sum_ns": 37857.0,
        "mean_ns": 18928.5,
        "median_ns": 22617.0,
        "min_ns": 15240.0,
        "max_ns": 22617.0,
        "variance_ns2": 27210064.5,
        "iqr_ns": 7377.0,
        "q1_ns": 15240.0,
        "q3_ns": 22617.0
      },
      "runq_latency_stats_ns": {
        "count": 2.0,
        "sum_ns": 2958.0,
        "mean_ns": 1479.0,
        "median_ns": 1792.0,
        "min_ns": 1166.0,
        "max_ns": 1792.0,
        "variance_ns2": 195938.0,
        "iqr_ns": 626.0,
        "q1_ns": 1166.0,
        "q3_ns": 1792.0
      },
      "first_seen_ts_ns": 1748127266593109839,
      "last_seen_ts_ns": 1748127301045644517,
      "duration_active_s": 34.452534678
    }
  ]
}
[22:55:01] Cleanup complete. Exiting.
