unlimited
PROGRAM: cpu
Looking for /opt/programs/cpu/ebpf-collect.c
[22:52:35] Waiting for start indicator file: '/mnt/flux/start_ebpf_collection'.
[22:53:41] Start indicator found. Proceeding with monitoring.
[22:53:41] Initializing eBPF for CPU Scheduling monitoring...
[22:53:42] BPF C code compiled and loaded.
[22:53:42] Attached tracepoints.
[22:53:42] Monitoring CPU scheduling events (polling aggregated map)... Press Ctrl+C to stop.
[22:55:01] Stop indicator file '/mnt/flux/stop_ebpf_collection' found. Stopping.
[22:55:01] Initiating cleanup sequence...
{
  "final_aggregated_summary_river": [
    {
      "tgid": 28,
      "comm": "bash",
      "cgroup_id": 10277,
      "on_cpu_stats_ns": {
        "count": 97.0,
        "sum_ns": 1975016.7807692303,
        "mean_ns": 20360.99773988897,
        "median_ns": 7630.105110337997,
        "min_ns": 2481.0,
        "max_ns": 259648.75,
        "variance_ns2": 1315433048.739045,
        "iqr_ns": 8194.453151239799,
        "q1_ns": 6031.823938785302,
        "q3_ns": 14226.2770900251
      },
      "runq_latency_stats_ns": {
        "count": 98.0,
        "sum_ns": 1638049.4704094294,
        "mean_ns": 16714.790514381933,
        "median_ns": 10044.841260637493,
        "min_ns": 1752.0,
        "max_ns": 88338.0,
        "variance_ns2": 355192348.13523144,
        "iqr_ns": 13821.892326202284,
        "q1_ns": 4604.5311587958395,
        "q3_ns": 18426.423484998122
      },
      "first_seen_ts_ns": 1748127228566171853,
      "last_seen_ts_ns": 1748127301085936038,
      "duration_active_s": 72.519764185
    },
    {
      "tgid": 1,
      "comm": "pause",
      "cgroup_id": 10119,
      "on_cpu_stats_ns": {
        "count": 11.0,
        "sum_ns": 1662742.7321428568,
        "mean_ns": 151158.43019480517,
        "median_ns": 151637.64212962962,
        "min_ns": 119584.0,
        "max_ns": 173602.875,
        "variance_ns2": 382220334.31788623,
        "iqr_ns": 30549.243055555533,
        "q1_ns": 132772.42361111112,
        "q3_ns": 163321.66666666666
      },
      "runq_latency_stats_ns": {
        "count": 11.0,
        "sum_ns": 169698.44999999998,
        "mean_ns": 15427.131818181817,
        "median_ns": 4543.57777777778,
        "min_ns": 1111.0,
        "max_ns": 52417.0,
        "variance_ns2": 338446809.50113636,
        "iqr_ns": 25723.83203125,
        "q1_ns": 2685.1679687500005,
        "q3_ns": 28409.0
      },
      "first_seen_ts_ns": 1748127224826463373,
      "last_seen_ts_ns": 1748127301085936038,
      "duration_active_s": 76.259472665
    }
  ]
}
[22:55:01] Cleanup complete. Exiting.
