unlimited
PROGRAM: cpu
Looking for /opt/programs/cpu/ebpf-collect.c
[22:52:28] Waiting for start indicator file: '/mnt/flux/start_ebpf_collection'.
[22:53:41] Start indicator found. Proceeding with monitoring.
[22:53:41] Initializing eBPF for CPU Scheduling monitoring...
[22:53:42] BPF C code compiled and loaded.
[22:53:42] Attached tracepoints.
[22:53:42] Monitoring CPU scheduling events (polling aggregated map)... Press Ctrl+C to stop.
[22:55:01] Stop indicator file '/mnt/flux/stop_ebpf_collection' found. Stopping.
[22:55:01] Initiating cleanup sequence...
{
  "final_aggregated_summary_river": [
    {
      "tgid": 1,
      "comm": "pause",
      "cgroup_id": 10119,
      "on_cpu_stats_ns": {
        "count": 11.0,
        "sum_ns": 1301134.8888888892,
        "mean_ns": 118284.98989898992,
        "median_ns": 121426.50493827161,
        "min_ns": 44807.666666666664,
        "max_ns": 142999.11111111112,
        "variance_ns2": 670759578.9245791,
        "iqr_ns": 13800.215534979434,
        "q1_ns": 117900.33333333333,
        "q3_ns": 131700.54886831276
      },
      "runq_latency_stats_ns": {
        "count": 11.0,
        "sum_ns": 227752.2,
        "mean_ns": 20704.745454545457,
        "median_ns": 9268.497777777779,
        "min_ns": 1018.0,
        "max_ns": 81904.0,
        "variance_ns2": 615004569.5527272,
        "iqr_ns": 15943.272222222222,
        "q1_ns": 7572.727777777778,
        "q3_ns": 23516.0
      },
      "first_seen_ts_ns": 1748127229264228208,
      "last_seen_ts_ns": 1748127301033915655,
      "duration_active_s": 71.769687447
    },
    {
      "tgid": 28,
      "comm": "bash",
      "cgroup_id": 10277,
      "on_cpu_stats_ns": {
        "count": 48.0,
        "sum_ns": 952852.3077743644,
        "mean_ns": 19851.089745299258,
        "median_ns": 7520.121671393625,
        "min_ns": 2820.0,
        "max_ns": 129481.0,
        "variance_ns2": 805217270.5536076,
        "iqr_ns": 4236.608645304347,
        "q1_ns": 5752.976572966613,
        "q3_ns": 9989.58521827096
      },
      "runq_latency_stats_ns": {
        "count": 48.0,
        "sum_ns": 462589.38856692886,
        "mean_ns": 9637.278928477685,
        "median_ns": 5868.686195379589,
        "min_ns": 1575.0,
        "max_ns": 68161.0,
        "variance_ns2": 160558156.82519788,
        "iqr_ns": 4843.217234516436,
        "q1_ns": 4365.003361187017,
        "q3_ns": 9208.220595703453
      },
      "first_seen_ts_ns": 1748127281448467116,
      "last_seen_ts_ns": 1748127301033915655,
      "duration_active_s": 19.585448539
    }
  ]
}
[22:55:01] Cleanup complete. Exiting.
