unlimited
PROGRAM: cpu
Looking for /opt/programs/cpu/ebpf-collect.c
[22:52:35] Waiting for start indicator file: '/mnt/flux/start_ebpf_collection'.
[22:53:40] Start indicator found. Proceeding with monitoring.
[22:53:40] Initializing eBPF for CPU Scheduling monitoring...
[22:53:42] BPF C code compiled and loaded.
[22:53:42] Attached tracepoints.
[22:53:42] Monitoring CPU scheduling events (polling aggregated map)... Press Ctrl+C to stop.
[22:55:01] Stop indicator file '/mnt/flux/stop_ebpf_collection' found. Stopping.
[22:55:01] Initiating cleanup sequence...
{
  "final_aggregated_summary_river": [
    {
      "tgid": 1,
      "comm": "pause",
      "cgroup_id": 10119,
      "on_cpu_stats_ns": {
        "count": 12.0,
        "sum_ns": 1909365.474358974,
        "mean_ns": 159113.7895299145,
        "median_ns": 145501.0,
        "min_ns": 87870.5,
        "max_ns": 374086.3076923077,
        "variance_ns2": 5087691136.6714325,
        "iqr_ns": 30625.8201388889,
        "q1_ns": 122355.51319444444,
        "q3_ns": 152981.33333333334
      },
      "runq_latency_stats_ns": {
        "count": 12.0,
        "sum_ns": 270093.8333333334,
        "mean_ns": 22507.819444444445,
        "median_ns": 20887.666944444445,
        "min_ns": 3552.0,
        "max_ns": 43272.0,
        "variance_ns2": 166236736.08817342,
        "iqr_ns": 17312.71285445602,
        "q1_ns": 15608.287145543982,
        "q3_ns": 32921.0
      },
      "first_seen_ts_ns": 1748127229459579235,
      "last_seen_ts_ns": 1748127301085164473,
      "duration_active_s": 71.625585238
    },
    {
      "tgid": 48,
      "comm": "bash",
      "cgroup_id": 10416,
      "on_cpu_stats_ns": {
        "count": 103.0,
        "sum_ns": 1167918.5907747077,
        "mean_ns": 11339.01544441464,
        "median_ns": 11037.586443322502,
        "min_ns": 6541.0,
        "max_ns": 42510.0,
        "variance_ns2": 14414443.949865168,
        "iqr_ns": 3822.3819833142534,
        "q1_ns": 9378.658607589907,
        "q3_ns": 13201.04059090416
      },
      "runq_latency_stats_ns": {
        "count": 103.0,
        "sum_ns": 2389209.735365188,
        "mean_ns": 23196.21102296299,
        "median_ns": 4718.976456951536,
        "min_ns": 1456.5,
        "max_ns": 1478417.0,
        "variance_ns2": 21144106853.870857,
        "iqr_ns": 6321.704206992834,
        "q1_ns": 4735.818850682141,
        "q3_ns": 11057.523057674975
      },
      "first_seen_ts_ns": 1748127222373530551,
      "last_seen_ts_ns": 1748127300678886955,
      "duration_active_s": 78.305356404
    }
  ]
}
[22:55:01] Cleanup complete. Exiting.
