unlimited
PROGRAM: cpu
Looking for /opt/programs/cpu/ebpf-collect.c
[21:01:40] Waiting for start indicator file: '/mnt/flux/start_ebpf_collection'.
[21:01:51] Start indicator found. Proceeding with monitoring.
[21:01:51] Initializing eBPF for CPU Scheduling monitoring...
[21:01:51] BPF C code compiled and loaded.
[21:01:51] Attached tracepoints.
[21:01:51] Monitoring CPU scheduling events (polling aggregated map)... Press Ctrl+C to stop.
[21:02:37] Stop indicator file '/mnt/flux/stop_ebpf_collection' found. Stopping.
[21:02:37] Initiating cleanup sequence...
{
  "final_aggregated_summary_river": [
    {
      "tgid": 1,
      "comm": "pause",
      "cgroup_id": 10555,
      "on_cpu_stats_ns": {
        "count": 6.0,
        "sum_ns": 910657.9214285715,
        "mean_ns": 151776.32023809524,
        "median_ns": 139697.0,
        "min_ns": 122769.0,
        "max_ns": 221587.82142857142,
        "variance_ns2": 1293217914.9138858,
        "iqr_ns": 0.0,
        "q1_ns": 139697.0,
        "q3_ns": 139697.0
      },
      "runq_latency_stats_ns": {
        "count": 6.0,
        "sum_ns": 326761.8333333333,
        "mean_ns": 54460.305555555555,
        "median_ns": 30360.0,
        "min_ns": 17004.0,
        "max_ns": 181266.83333333334,
        "variance_ns2": 3945441535.293519,
        "iqr_ns": 0.0,
        "q1_ns": 30360.0,
        "q3_ns": 30360.0
      },
      "first_seen_ts_ns": 1747688519525280559,
      "last_seen_ts_ns": 1747688557149210293,
      "duration_active_s": 37.623929734
    },
    {
      "tgid": 34,
      "comm": "bash",
      "cgroup_id": 10792,
      "on_cpu_stats_ns": {
        "count": 90.0,
        "sum_ns": 691762.0000000001,
        "mean_ns": 7686.244444444445,
        "median_ns": 6210.412646180714,
        "min_ns": 4417.0,
        "max_ns": 69511.0,
        "variance_ns2": 52017039.06317105,
        "iqr_ns": 2157.759975248063,
        "q1_ns": 5389.914456664924,
        "q3_ns": 7547.674431912987
      },
      "runq_latency_stats_ns": {
        "count": 90.0,
        "sum_ns": 1726610.0,
        "mean_ns": 19184.555555555555,
        "median_ns": 6663.863372217556,
        "min_ns": 1372.0,
        "max_ns": 532568.0,
        "variance_ns2": 4670016566.204743,
        "iqr_ns": 9361.793799600893,
        "q1_ns": 2619.7576053115577,
        "q3_ns": 11981.55140491245
      },
      "first_seen_ts_ns": 1747688511942135435,
      "last_seen_ts_ns": 1747688556846330540,
      "duration_active_s": 44.904195105
    }
  ]
}
[21:02:37] Cleanup complete. Exiting.
