unlimited
PROGRAM: cpu
Looking for /opt/programs/cpu/ebpf-collect.c
[21:01:41] Waiting for start indicator file: '/mnt/flux/start_ebpf_collection'.
[21:01:51] Start indicator found. Proceeding with monitoring.
[21:01:51] Initializing eBPF for CPU Scheduling monitoring...
[21:01:51] BPF C code compiled and loaded.
[21:01:51] Attached tracepoints.
[21:01:51] Monitoring CPU scheduling events (polling aggregated map)... Press Ctrl+C to stop.
[21:02:37] Stop indicator file '/mnt/flux/stop_ebpf_collection' found. Stopping.
[21:02:37] Initiating cleanup sequence...
{
  "final_aggregated_summary_river": [
    {
      "tgid": 28,
      "comm": "bash",
      "cgroup_id": 10713,
      "on_cpu_stats_ns": {
        "count": 125.0,
        "sum_ns": 2230225.991581825,
        "mean_ns": 17841.8079326546,
        "median_ns": 7351.479720312514,
        "min_ns": 3418.0,
        "max_ns": 369042.5,
        "variance_ns2": 1504801602.649206,
        "iqr_ns": 5751.191614193715,
        "q1_ns": 5665.931535006935,
        "q3_ns": 11417.12314920065
      },
      "runq_latency_stats_ns": {
        "count": 125.0,
        "sum_ns": 4845364.155391633,
        "mean_ns": 38762.91324313306,
        "median_ns": 12474.609462994105,
        "min_ns": 1349.0,
        "max_ns": 1062132.5,
        "variance_ns2": 11201045432.408678,
        "iqr_ns": 40813.56325436874,
        "q1_ns": 3139.0893111271907,
        "q3_ns": 43952.65256549593
      },
      "first_seen_ts_ns": 1747688512100189525,
      "last_seen_ts_ns": 1747688557147711907,
      "duration_active_s": 45.047522382
    },
    {
      "tgid": 1,
      "comm": "pause",
      "cgroup_id": 10555,
      "on_cpu_stats_ns": {
        "count": 6.0,
        "sum_ns": 904415.5499999999,
        "mean_ns": 150735.925,
        "median_ns": 135302.0,
        "min_ns": 110397.0,
        "max_ns": 233557.8,
        "variance_ns2": 2027555168.0537498,
        "iqr_ns": 0.0,
        "q1_ns": 135302.0,
        "q3_ns": 135302.0
      },
      "runq_latency_stats_ns": {
        "count": 6.0,
        "sum_ns": 189721.5,
        "mean_ns": 31620.25,
        "median_ns": 26492.0,
        "min_ns": 3959.0,
        "max_ns": 105539.0,
        "variance_ns2": 1412928438.975,
        "iqr_ns": 6566.166666666664,
        "q1_ns": 19925.833333333336,
        "q3_ns": 26492.0
      },
      "first_seen_ts_ns": 1747688520296816379,
      "last_seen_ts_ns": 1747688557147711907,
      "duration_active_s": 36.850895528
    }
  ]
}
[21:02:37] Cleanup complete. Exiting.
