unlimited
PROGRAM: cpu
Looking for /opt/programs/cpu/ebpf-collect.c
[21:01:42] Waiting for start indicator file: '/mnt/flux/start_ebpf_collection'.
[21:01:51] Start indicator found. Proceeding with monitoring.
[21:01:51] Initializing eBPF for CPU Scheduling monitoring...
[21:01:52] BPF C code compiled and loaded.
[21:01:52] Attached tracepoints.
[21:01:52] Monitoring CPU scheduling events (polling aggregated map)... Press Ctrl+C to stop.
[21:02:37] Stop indicator file '/mnt/flux/stop_ebpf_collection' found. Stopping.
[21:02:37] Initiating cleanup sequence...
{
  "final_aggregated_summary_river": [
    {
      "tgid": 36,
      "comm": "bash",
      "cgroup_id": 10792,
      "on_cpu_stats_ns": {
        "count": 315.0,
        "sum_ns": 4006854.1880952357,
        "mean_ns": 12720.172025699161,
        "median_ns": 11384.388033691384,
        "min_ns": 7035.0,
        "max_ns": 127033.0,
        "variance_ns2": 61491794.32958986,
        "iqr_ns": 3321.0062552929667,
        "q1_ns": 10029.338429874055,
        "q3_ns": 13350.344685167021
      },
      "runq_latency_stats_ns": {
        "count": 315.0,
        "sum_ns": 45492440.67658727,
        "mean_ns": 144420.44659234054,
        "median_ns": 16436.676450944753,
        "min_ns": 1749.0,
        "max_ns": 38453438.0,
        "variance_ns2": 4693682366200.538,
        "iqr_ns": 9480.777361308046,
        "q1_ns": 7813.2297809568445,
        "q3_ns": 17294.00714226489
      },
      "first_seen_ts_ns": 1747688512321792069,
      "last_seen_ts_ns": 1747688557118599210,
      "duration_active_s": 44.796807141
    },
    {
      "tgid": 1,
      "comm": "pause",
      "cgroup_id": 10495,
      "on_cpu_stats_ns": {
        "count": 7.0,
        "sum_ns": 925451.2575757576,
        "mean_ns": 132207.3225108225,
        "median_ns": 134021.0,
        "min_ns": 83796.5,
        "max_ns": 160615.66666666666,
        "variance_ns2": 675535887.9149612,
        "iqr_ns": 5901.0,
        "q1_ns": 128120.0,
        "q3_ns": 134021.0
      },
      "runq_latency_stats_ns": {
        "count": 7.0,
        "sum_ns": 359500.5,
        "mean_ns": 51357.21428571428,
        "median_ns": 24924.0,
        "min_ns": 8594.0,
        "max_ns": 199467.0,
        "variance_ns2": 4470626044.654761,
        "iqr_ns": 3000.9444444444453,
        "q1_ns": 21923.055555555555,
        "q3_ns": 24924.0
      },
      "first_seen_ts_ns": 1747688518610687064,
      "last_seen_ts_ns": 1747688557118599210,
      "duration_active_s": 38.507912146
    }
  ]
}
[21:02:37] Cleanup complete. Exiting.
