unlimited
PROGRAM: cpu
Looking for /opt/programs/cpu/ebpf-collect.c
[21:01:42] Waiting for start indicator file: '/mnt/flux/start_ebpf_collection'.
[21:01:51] Start indicator found. Proceeding with monitoring.
[21:01:51] Initializing eBPF for CPU Scheduling monitoring...
[21:01:51] BPF C code compiled and loaded.
[21:01:51] Attached tracepoints.
[21:01:51] Monitoring CPU scheduling events (polling aggregated map)... Press Ctrl+C to stop.
[21:02:37] Stop indicator file '/mnt/flux/stop_ebpf_collection' found. Stopping.
[21:02:37] Initiating cleanup sequence...
{
  "final_aggregated_summary_river": [
    {
      "tgid": 28,
      "comm": "bash",
      "cgroup_id": 10713,
      "on_cpu_stats_ns": {
        "count": 73.0,
        "sum_ns": 1157355.4536962365,
        "mean_ns": 15854.184297208718,
        "median_ns": 9353.721541639557,
        "min_ns": 4188.0,
        "max_ns": 187820.0,
        "variance_ns2": 623368369.7911505,
        "iqr_ns": 7273.579174678372,
        "q1_ns": 6878.492394673346,
        "q3_ns": 14152.071569351718
      },
      "runq_latency_stats_ns": {
        "count": 73.0,
        "sum_ns": 2615402.2842385606,
        "mean_ns": 35827.42855121316,
        "median_ns": 18505.552041321323,
        "min_ns": 1500.0,
        "max_ns": 182724.0,
        "variance_ns2": 1649651735.3313167,
        "iqr_ns": 44002.77344315879,
        "q1_ns": 5238.643231445169,
        "q3_ns": 49241.416674603955
      },
      "first_seen_ts_ns": 1747688512074595722,
      "last_seen_ts_ns": 1747688557198994511,
      "duration_active_s": 45.124398789
    },
    {
      "tgid": 1,
      "comm": "pause",
      "cgroup_id": 10555,
      "on_cpu_stats_ns": {
        "count": 7.0,
        "sum_ns": 1070895.6688311687,
        "mean_ns": 152985.09554730981,
        "median_ns": 122918.0,
        "min_ns": 105318.95454545454,
        "max_ns": 254897.7142857143,
        "variance_ns2": 2781110070.71542,
        "iqr_ns": 32788.420274170276,
        "q1_ns": 119505.32575757576,
        "q3_ns": 152293.74603174604
      },
      "runq_latency_stats_ns": {
        "count": 7.0,
        "sum_ns": 166874.65,
        "mean_ns": 23839.235714285714,
        "median_ns": 22666.0,
        "min_ns": 8759.4,
        "max_ns": 48986.0,
        "variance_ns2": 161840781.47226194,
        "iqr_ns": 6592.955555555553,
        "q1_ns": 20059.155555555557,
        "q3_ns": 26652.11111111111
      },
      "first_seen_ts_ns": 1747688519352794842,
      "last_seen_ts_ns": 1747688557198994511,
      "duration_active_s": 37.846199669
    }
  ]
}
[21:02:37] Cleanup complete. Exiting.
