unlimited
PROGRAM: cpu
Looking for /opt/programs/cpu/ebpf-collect.c
[21:01:42] Waiting for start indicator file: '/mnt/flux/start_ebpf_collection'.
[21:01:51] Start indicator found. Proceeding with monitoring.
[21:01:51] Initializing eBPF for CPU Scheduling monitoring...
[21:01:52] BPF C code compiled and loaded.
[21:01:52] Attached tracepoints.
[21:01:52] Monitoring CPU scheduling events (polling aggregated map)... Press Ctrl+C to stop.
[21:02:37] Stop indicator file '/mnt/flux/stop_ebpf_collection' found. Stopping.
[21:02:37] Initiating cleanup sequence...
{
  "final_aggregated_summary_river": [
    {
      "tgid": 28,
      "comm": "bash",
      "cgroup_id": 10720,
      "on_cpu_stats_ns": {
        "count": 124.0,
        "sum_ns": 6104555.167377573,
        "mean_ns": 49230.283607883655,
        "median_ns": 12653.738377810583,
        "min_ns": 2421.0,
        "max_ns": 778477.0,
        "variance_ns2": 12987986667.657896,
        "iqr_ns": 74647.96041108196,
        "q1_ns": 6648.157262476072,
        "q3_ns": 81296.11767355804
      },
      "runq_latency_stats_ns": {
        "count": 124.0,
        "sum_ns": 5190692.1851870045,
        "mean_ns": 41860.420848282294,
        "median_ns": 9529.164890289394,
        "min_ns": 1283.0,
        "max_ns": 1176410.0,
        "variance_ns2": 15521436602.467752,
        "iqr_ns": 34753.872507769156,
        "q1_ns": 3885.763568096974,
        "q3_ns": 38639.63607586613
      },
      "first_seen_ts_ns": 1747688513629719933,
      "last_seen_ts_ns": 1747688557164649053,
      "duration_active_s": 43.53492912
    },
    {
      "tgid": 1,
      "comm": "pause",
      "cgroup_id": 10562,
      "on_cpu_stats_ns": {
        "count": 7.0,
        "sum_ns": 927545.5015503876,
        "mean_ns": 132506.50022148393,
        "median_ns": 120349.66666666667,
        "min_ns": 68494.0,
        "max_ns": 190296.3,
        "variance_ns2": 1630271016.7388885,
        "iqr_ns": 15106.740740740745,
        "q1_ns": 105242.92592592593,
        "q3_ns": 120349.66666666667
      },
      "runq_latency_stats_ns": {
        "count": 7.0,
        "sum_ns": 233075.45,
        "mean_ns": 33296.49285714286,
        "median_ns": 22004.4,
        "min_ns": 9036.2,
        "max_ns": 84170.0,
        "variance_ns2": 755511192.9003571,
        "iqr_ns": 21577.773611111108,
        "q1_ns": 14029.226388888892,
        "q3_ns": 35607.0
      },
      "first_seen_ts_ns": 1747688519799122056,
      "last_seen_ts_ns": 1747688557164649053,
      "duration_active_s": 37.365526997
    }
  ]
}
[21:02:37] Cleanup complete. Exiting.
