unlimited
PROGRAM: cpu
Looking for /opt/programs/cpu/ebpf-collect.c
[19:04:32] Waiting for start indicator file: '/mnt/flux/start_ebpf_collection'.
[19:05:14] Start indicator found. Proceeding with monitoring.
[19:05:14] Initializing eBPF for CPU Scheduling monitoring...
[19:05:15] BPF C code compiled and loaded.
[19:05:15] Attached tracepoints.
[19:05:15] Monitoring CPU scheduling events (polling aggregated map)... Press Ctrl+C to stop.
[19:06:43] Stop indicator file '/mnt/flux/stop_ebpf_collection' found. Stopping.
[19:06:43] Initiating cleanup sequence...
{
  "final_aggregated_summary_river": [
    {
      "tgid": 1,
      "comm": "pause",
      "cgroup_id": 10988,
      "on_cpu_stats_ns": {
        "count": 16.0,
        "sum_ns": 2798900.6968253967,
        "mean_ns": 174931.2935515873,
        "median_ns": 138706.63591269843,
        "min_ns": 82405.66666666667,
        "max_ns": 497504.5,
        "variance_ns2": 12423238186.580383,
        "iqr_ns": 70955.54044460275,
        "q1_ns": 118807.92714285714,
        "q3_ns": 189763.4675874599
      },
      "runq_latency_stats_ns": {
        "count": 16.0,
        "sum_ns": 453626.16666666674,
        "mean_ns": 28351.63541666667,
        "median_ns": 21619.062166666667,
        "min_ns": 5875.0,
        "max_ns": 86268.0,
        "variance_ns2": 572988268.2674769,
        "iqr_ns": 23220.01782407407,
        "q1_ns": 12165.048842592592,
        "q3_ns": 35385.066666666666
      },
      "first_seen_ts_ns": 1747681518618108277,
      "last_seen_ts_ns": 1747681603363033335,
      "duration_active_s": 84.744925058
    },
    {
      "tgid": 48,
      "comm": "bash",
      "cgroup_id": 11285,
      "on_cpu_stats_ns": {
        "count": 109.0,
        "sum_ns": 1108493.198363296,
        "mean_ns": 10169.662370305468,
        "median_ns": 9992.374342257139,
        "min_ns": 5426.0,
        "max_ns": 19321.083333333332,
        "variance_ns2": 4787236.240275626,
        "iqr_ns": 2519.887431511823,
        "q1_ns": 8803.581431420604,
        "q3_ns": 11323.468862932426
      },
      "runq_latency_stats_ns": {
        "count": 109.0,
        "sum_ns": 725049.3824584685,
        "mean_ns": 6651.8291968666845,
        "median_ns": 4450.699043922894,
        "min_ns": 1737.25,
        "max_ns": 78163.0,
        "variance_ns2": 100941931.96025227,
        "iqr_ns": 3014.965497933925,
        "q1_ns": 3233.280931578185,
        "q3_ns": 6248.24642951211
      },
      "first_seen_ts_ns": 1747681515281125649,
      "last_seen_ts_ns": 1747681603363033335,
      "duration_active_s": 88.081907686
    },
    {
      "tgid": 28,
      "comm": "bash",
      "cgroup_id": 11206,
      "on_cpu_stats_ns": {
        "count": 1.0,
        "sum_ns": 50906.0,
        "mean_ns": 50906.0,
        "median_ns": 50906.0,
        "min_ns": 50906.0,
        "max_ns": 50906.0,
        "variance_ns2": null,
        "iqr_ns": 0.0,
        "q1_ns": 50906.0,
        "q3_ns": 50906.0
      },
      "runq_latency_stats_ns": {
        "count": 1.0,
        "sum_ns": 998.0,
        "mean_ns": 998.0,
        "median_ns": 998.0,
        "min_ns": 998.0,
        "max_ns": 998.0,
        "variance_ns2": null,
        "iqr_ns": 0.0,
        "q1_ns": 998.0,
        "q3_ns": 998.0
      },
      "first_seen_ts_ns": 1747681550097808550,
      "last_seen_ts_ns": 1747681550097808550,
      "duration_active_s": 0
    }
  ]
}
[19:06:43] Cleanup complete. Exiting.
