unlimited
More programs than nodes - will randomly select.
PROGRAM: cpu
Looking for /opt/programs/cpu/ebpf-collect.c
[18:43:28] Waiting for start indicator file: '/mnt/flux/start_ebpf_collection'.
[18:43:40] Start indicator found. Proceeding with monitoring.
[18:43:40] Initializing eBPF for CPU Scheduling monitoring...
[18:43:41] BPF C code compiled and loaded.
[18:43:41] Attached tracepoints.
[18:43:41] Monitoring CPU scheduling events (polling aggregated map)... Press Ctrl+C to stop.
[18:45:50] Stop indicator file '/mnt/flux/stop_ebpf_collection' found. Stopping.
[18:45:50] Initiating cleanup sequence...
{
  "final_aggregated_summary_river": [
    {
      "tgid": 1,
      "comm": "pause",
      "cgroup_id": 11067,
      "on_cpu_stats_ns": {
        "count": 20.0,
        "sum_ns": 2952958.8667582422,
        "mean_ns": 147647.94333791212,
        "median_ns": 139322.3750952381,
        "min_ns": 69254.0,
        "max_ns": 253590.875,
        "variance_ns2": 2003177504.4522922,
        "iqr_ns": 46223.602475310996,
        "q1_ns": 120937.33897780717,
        "q3_ns": 167160.94145311817
      },
      "runq_latency_stats_ns": {
        "count": 20.0,
        "sum_ns": 1131090.1333333333,
        "mean_ns": 56554.50666666667,
        "median_ns": 23934.675935356645,
        "min_ns": 2397.0,
        "max_ns": 591196.0,
        "variance_ns2": 17599087010.967556,
        "iqr_ns": 7267.125864441536,
        "q1_ns": 13614.45041760974,
        "q3_ns": 20881.576282051275
      },
      "first_seen_ts_ns": 1747680221592540514,
      "last_seen_ts_ns": 1747680350438768235,
      "duration_active_s": 128.846227721
    },
    {
      "tgid": 48,
      "comm": "bash",
      "cgroup_id": 11304,
      "on_cpu_stats_ns": {
        "count": 167.0,
        "sum_ns": 1828197.1293487074,
        "mean_ns": 10947.288199692859,
        "median_ns": 10603.317216071504,
        "min_ns": 7511.136363636364,
        "max_ns": 23696.0,
        "variance_ns2": 6252103.781432442,
        "iqr_ns": 2460.219802672422,
        "q1_ns": 9357.863196966837,
        "q3_ns": 11818.082999639259
      },
      "runq_latency_stats_ns": {
        "count": 167.0,
        "sum_ns": 1011280.3401326236,
        "mean_ns": 6055.570898997746,
        "median_ns": 3523.558054660083,
        "min_ns": 1452.2,
        "max_ns": 102481.95,
        "variance_ns2": 156085762.3474211,
        "iqr_ns": 2586.308053842219,
        "q1_ns": 2556.0127516320736,
        "q3_ns": 5142.320805474293
      },
      "first_seen_ts_ns": 1747680221796125505,
      "last_seen_ts_ns": 1747680350438768235,
      "duration_active_s": 128.64264273
    },
    {
      "tgid": 184,
      "comm": "gpgv",
      "cgroup_id": 11304,
      "on_cpu_stats_ns": {
        "count": 2.0,
        "sum_ns": 37128.0,
        "mean_ns": 18564.0,
        "median_ns": 18697.0,
        "min_ns": 18431.0,
        "max_ns": 18697.0,
        "variance_ns2": 35378.0,
        "iqr_ns": 266.0,
        "q1_ns": 18431.0,
        "q3_ns": 18697.0
      },
      "runq_latency_stats_ns": {
        "count": 2.0,
        "sum_ns": 10807.0,
        "mean_ns": 5403.5,
        "median_ns": 6795.0,
        "min_ns": 4012.0,
        "max_ns": 6795.0,
        "variance_ns2": 3872544.5,
        "iqr_ns": 2783.0,
        "q1_ns": 4012.0,
        "q3_ns": 6795.0
      },
      "first_seen_ts_ns": 1747680345671039896,
      "last_seen_ts_ns": 1747680346683052368,
      "duration_active_s": 1.012012472
    }
  ]
}
[18:45:50] Cleanup complete. Exiting.
