unlimited
PROGRAM: cpu
Looking for /opt/programs/cpu/ebpf-collect.c
[20:39:50] Waiting for start indicator file: '/mnt/flux/start_ebpf_collection'.
[20:40:25] Start indicator found. Proceeding with monitoring.
[20:40:25] Initializing eBPF for CPU Scheduling monitoring...
[20:40:26] BPF C code compiled and loaded.
[20:40:26] Attached tracepoints.
[20:40:26] Monitoring CPU scheduling events (polling aggregated map)... Press Ctrl+C to stop.
[20:41:19] Stop indicator file '/mnt/flux/stop_ebpf_collection' found. Stopping.
[20:41:19] Initiating cleanup sequence...
{
  "final_aggregated_summary_river": [
    {
      "tgid": 1,
      "comm": "pause",
      "cgroup_id": 10119,
      "on_cpu_stats_ns": {
        "count": 10.0,
        "sum_ns": 1905003.6666666667,
        "mean_ns": 190500.36666666667,
        "median_ns": 152433.0,
        "min_ns": 117416.0,
        "max_ns": 552528.1666666666,
        "variance_ns2": 16721291296.992588,
        "iqr_ns": 35550.75,
        "q1_ns": 134857.43055555556,
        "q3_ns": 170408.18055555556
      },
      "runq_latency_stats_ns": {
        "count": 10.0,
        "sum_ns": 67104.0,
        "mean_ns": 6710.4,
        "median_ns": 6633.018518518518,
        "min_ns": 2211.0,
        "max_ns": 11178.0,
        "variance_ns2": 6575057.155555556,
        "iqr_ns": 1405.684156378601,
        "q1_ns": 5752.0,
        "q3_ns": 7157.684156378601
      },
      "first_seen_ts_ns": 1747687228119466144,
      "last_seen_ts_ns": 1747687279575198014,
      "duration_active_s": 51.45573187
    },
    {
      "tgid": 28,
      "comm": "bash",
      "cgroup_id": 10277,
      "on_cpu_stats_ns": {
        "count": 83.0,
        "sum_ns": 1854675.171542906,
        "mean_ns": 22345.483994492843,
        "median_ns": 7572.408919429306,
        "min_ns": 2326.0,
        "max_ns": 259579.75,
        "variance_ns2": 1366657591.1102931,
        "iqr_ns": 11781.27376976126,
        "q1_ns": 5482.316069597173,
        "q3_ns": 17263.589839358432
      },
      "runq_latency_stats_ns": {
        "count": 83.0,
        "sum_ns": 2132827.971313093,
        "mean_ns": 25696.72254594088,
        "median_ns": 10773.50103056864,
        "min_ns": 1176.0,
        "max_ns": 441988.5,
        "variance_ns2": 3649358102.8193398,
        "iqr_ns": 12982.51444299989,
        "q1_ns": 3940.133518339416,
        "q3_ns": 16922.647961339306
      },
      "first_seen_ts_ns": 1747687228018191467,
      "last_seen_ts_ns": 1747687279575198014,
      "duration_active_s": 51.557006547
    }
  ]
}
[20:41:19] Cleanup complete. Exiting.
