unlimited
PROGRAM: cpu
Looking for /opt/programs/cpu/ebpf-collect.c
[20:39:46] Waiting for start indicator file: '/mnt/flux/start_ebpf_collection'.
[20:40:25] Start indicator found. Proceeding with monitoring.
[20:40:25] Initializing eBPF for CPU Scheduling monitoring...
[20:40:26] BPF C code compiled and loaded.
[20:40:26] Attached tracepoints.
[20:40:26] Monitoring CPU scheduling events (polling aggregated map)... Press Ctrl+C to stop.
[20:41:19] Stop indicator file '/mnt/flux/stop_ebpf_collection' found. Stopping.
[20:41:19] Initiating cleanup sequence...
{
  "final_aggregated_summary_river": [
    {
      "tgid": 1,
      "comm": "pause",
      "cgroup_id": 10119,
      "on_cpu_stats_ns": {
        "count": 8.0,
        "sum_ns": 1657615.2777777778,
        "mean_ns": 207201.90972222222,
        "median_ns": 121384.47222222222,
        "min_ns": 71424.0,
        "max_ns": 757971.7777777778,
        "variance_ns2": 51304825552.79535,
        "iqr_ns": 20167.162037037022,
        "q1_ns": 113065.0,
        "q3_ns": 133232.16203703702
      },
      "runq_latency_stats_ns": {
        "count": 8.0,
        "sum_ns": 46612.1,
        "mean_ns": 5826.5125,
        "median_ns": 2062.5,
        "min_ns": 1255.0,
        "max_ns": 31518.6,
        "variance_ns2": 108057593.25680554,
        "iqr_ns": 337.0625,
        "q1_ns": 1824.9375,
        "q3_ns": 2162.0
      },
      "first_seen_ts_ns": 1747687235753124859,
      "last_seen_ts_ns": 1747687279561798801,
      "duration_active_s": 43.808673942
    },
    {
      "tgid": 86,
      "comm": "python3",
      "cgroup_id": 10277,
      "on_cpu_stats_ns": {
        "count": 64.0,
        "sum_ns": 1181152.4090757233,
        "mean_ns": 18455.506391808176,
        "median_ns": 17092.65813002682,
        "min_ns": 10038.0,
        "max_ns": 56759.0,
        "variance_ns2": 54212780.583143994,
        "iqr_ns": 3468.054237289405,
        "q1_ns": 15540.609128902353,
        "q3_ns": 19008.66336619176
      },
      "runq_latency_stats_ns": {
        "count": 63.0,
        "sum_ns": 708129.6950765706,
        "mean_ns": 11240.153890104295,
        "median_ns": 6209.199053585502,
        "min_ns": 1996.5,
        "max_ns": 67577.5945945946,
        "variance_ns2": 182597207.08135888,
        "iqr_ns": 9749.629220025656,
        "q1_ns": 3700.387804517793,
        "q3_ns": 13450.01702454345
      },
      "first_seen_ts_ns": 1747687227672257369,
      "last_seen_ts_ns": 1747687279561798801,
      "duration_active_s": 51.889541432
    },
    {
      "tgid": 28,
      "comm": "bash",
      "cgroup_id": 10277,
      "on_cpu_stats_ns": {
        "count": 1.0,
        "sum_ns": 20752.0,
        "mean_ns": 20752.0,
        "median_ns": 20752.0,
        "min_ns": 20752.0,
        "max_ns": 20752.0,
        "variance_ns2": null,
        "iqr_ns": 0.0,
        "q1_ns": 20752.0,
        "q3_ns": 20752.0
      },
      "runq_latency_stats_ns": {
        "count": 1.0,
        "sum_ns": 12852.0,
        "mean_ns": 12852.0,
        "median_ns": 12852.0,
        "min_ns": 12852.0,
        "max_ns": 12852.0,
        "variance_ns2": null,
        "iqr_ns": 0.0,
        "q1_ns": 12852.0,
        "q3_ns": 12852.0
      },
      "first_seen_ts_ns": 1747687279561798801,
      "last_seen_ts_ns": 1747687279561798801,
      "duration_active_s": 0
    }
  ]
}
[20:41:19] Cleanup complete. Exiting.
