unlimited
PROGRAM: cpu
Looking for /opt/programs/cpu/ebpf-collect.c
[20:39:51] Waiting for start indicator file: '/mnt/flux/start_ebpf_collection'.
[20:40:25] Start indicator found. Proceeding with monitoring.
[20:40:25] Initializing eBPF for CPU Scheduling monitoring...
[20:40:26] BPF C code compiled and loaded.
[20:40:26] Attached tracepoints.
[20:40:26] Monitoring CPU scheduling events (polling aggregated map)... Press Ctrl+C to stop.
[20:41:19] Stop indicator file '/mnt/flux/stop_ebpf_collection' found. Stopping.
[20:41:19] Initiating cleanup sequence...
{
  "final_aggregated_summary_river": [
    {
      "tgid": 28,
      "comm": "bash",
      "cgroup_id": 10277,
      "on_cpu_stats_ns": {
        "count": 46.0,
        "sum_ns": 1488346.3288600296,
        "mean_ns": 32355.354975218033,
        "median_ns": 10957.655521962355,
        "min_ns": 2509.0,
        "max_ns": 423303.0,
        "variance_ns2": 4900856590.264591,
        "iqr_ns": 17433.303180434406,
        "q1_ns": 7041.143809632381,
        "q3_ns": 24474.446990066786
      },
      "runq_latency_stats_ns": {
        "count": 46.0,
        "sum_ns": 1372969.304040404,
        "mean_ns": 29847.158783487044,
        "median_ns": 17043.211768562993,
        "min_ns": 1555.0,
        "max_ns": 135748.0,
        "variance_ns2": 1341694157.2849295,
        "iqr_ns": 48334.95435221785,
        "q1_ns": 4649.5918383507305,
        "q3_ns": 52984.54619056858
      },
      "first_seen_ts_ns": 1747687231039073258,
      "last_seen_ts_ns": 1747687279554633050,
      "duration_active_s": 48.515559792
    },
    {
      "tgid": 1,
      "comm": "pause",
      "cgroup_id": 10119,
      "on_cpu_stats_ns": {
        "count": 9.0,
        "sum_ns": 1432930.1761363638,
        "mean_ns": 159214.46401515152,
        "median_ns": 130411.16666666666,
        "min_ns": 105127.0,
        "max_ns": 388307.8125,
        "variance_ns2": 7599091239.247449,
        "iqr_ns": 14098.988811728399,
        "q1_ns": 123088.0,
        "q3_ns": 137186.9888117284
      },
      "runq_latency_stats_ns": {
        "count": 9.0,
        "sum_ns": 211019.5833333333,
        "mean_ns": 23446.62037037037,
        "median_ns": 24670.433333333334,
        "min_ns": 1226.0,
        "max_ns": 49193.0,
        "variance_ns2": 277545703.13040125,
        "iqr_ns": 20585.077777777777,
        "q1_ns": 12531.922222222223,
        "q3_ns": 33117.0
      },
      "first_seen_ts_ns": 1747687231039073258,
      "last_seen_ts_ns": 1747687279554633050,
      "duration_active_s": 48.515559792
    },
    {
      "tgid": 48,
      "comm": "bash",
      "cgroup_id": 10356,
      "on_cpu_stats_ns": {
        "count": 65.0,
        "sum_ns": 772917.6324394799,
        "mean_ns": 11891.040499068922,
        "median_ns": 12034.274906772522,
        "min_ns": 7320.307692307692,
        "max_ns": 17716.083333333332,
        "variance_ns2": 5732033.5761647355,
        "iqr_ns": 3126.5615794295736,
        "q1_ns": 10155.469050923577,
        "q3_ns": 13282.03063035315
      },
      "runq_latency_stats_ns": {
        "count": 65.0,
        "sum_ns": 860455.7978444556,
        "mean_ns": 13237.781505299317,
        "median_ns": 4815.705458657179,
        "min_ns": 2088.3076923076924,
        "max_ns": 477296.0,
        "variance_ns2": 3471353018.3387923,
        "iqr_ns": 1824.7171587874882,
        "q1_ns": 3923.470953188583,
        "q3_ns": 5748.188111976071
      },
      "first_seen_ts_ns": 1747687226660958378,
      "last_seen_ts_ns": 1747687279554633050,
      "duration_active_s": 52.893674672
    }
  ]
}
[20:41:19] Cleanup complete. Exiting.
