Defaulted container "likwid" out of: likwid, flux-view (init)
#!/bin/bash
set -euo pipefail
mkdir -p /tmp/output
flux resource list
for i in {1..5}
do
  echo "FLUX-RUN START likwid-iter-$i"
  flux run --setattr=user.study_id=likwid-iter-$i -N1 -n 1 -o cpu-affinity=per-task -o gpu-affinity=off  --cores-per-task 88   likwid-bench -t triad_sse -w S0:100MB |& tee /tmp/likwid.out
  
   echo "FLUX-RUN END likwid-iter-$i"
done


output=./results/${app}
(apt-get update && apt-get install -y jq) || (yum update -y && yum install -y jq)
mkdir -p $output
for jobid in $(flux jobs -a --json | jq -r .jobs[].id); do
    echo
    study_id=$(flux job info $jobid jobspec | jq -r ".attributes.user.study_id")
    echo "FLUX-JOB START ${jobid} ${study_id}"
    echo "FLUX-JOB-JOBSPEC START"
    flux job info $jobid jobspec
    echo "FLUX-JOB-JOBSPEC END" 
    
    echo "FLUX-JOB-RESOURCES START"
    flux job info ${jobid} R
    echo "FLUX-JOB-RESOURCES END"
    echo "FLUX-JOB-EVENTLOG START" 
    flux job info $jobid guest.exec.eventlog
    echo "FLUX-JOB-EVENTLOG END" 
    echo "FLUX-JOB END ${jobid} ${study_id}"
done
echo "FLUX JOB STATS"
flux job stats         

     STATE NNODES   NCORES    NGPUS NODELIST
      free      1       88        0 likwid-0
 allocated      0        0        0 
      down      0        0        0 
FLUX-RUN START likwid-iter-1
Running without Marker API. Activate Marker API with -m on commandline.
Warning: Sanitizing vector length to a multiple of the loop stride 8 and thread count 44 from 3125000 elements (25000000 bytes) to 3124704 elements (24997632 bytes)
Allocate: Process running on hwthread 0 (Domain S0) - Vector length 3124704/24997632 Offset 0 Alignment 512
Allocate: Process running on hwthread 0 (Domain S0) - Vector length 3124704/24997632 Offset 0 Alignment 512
Allocate: Process running on hwthread 0 (Domain S0) - Vector length 3124704/24997632 Offset 0 Alignment 512
Allocate: Process running on hwthread 0 (Domain S0) - Vector length 3124704/24997632 Offset 0 Alignment 512
Initialization: First thread in domain initializes the whole stream
--------------------------------------------------------------------------------
LIKWID MICRO BENCHMARK
Test: triad_sse
--------------------------------------------------------------------------------
Using 1 work groups
Using 44 threads
--------------------------------------------------------------------------------
--------------------------------------------------------------------------------
Group: 0 Thread 0 Global Thread 0 running on hwthread 0 - Vector length 71016 Offset 0
Group: 0 Thread 1 Global Thread 1 running on hwthread 1 - Vector length 71016 Offset 71016
Group: 0 Thread 2 Global Thread 2 running on hwthread 2 - Vector length 71016 Offset 142032
Group: 0 Thread 3 Global Thread 3 running on hwthread 3 - Vector length 71016 Offset 213048
Group: 0 Thread 4 Global Thread 4 running on hwthread 4 - Vector length 71016 Offset 284064
Group: 0 Thread 5 Global Thread 5 running on hwthread 5 - Vector length 71016 Offset 355080
Group: 0 Thread 6 Global Thread 6 running on hwthread 6 - Vector length 71016 Offset 426096
Group: 0 Thread 7 Global Thread 7 running on hwthread 7 - Vector length 71016 Offset 497112
Group: 0 Thread 8 Global Thread 8 running on hwthread 8 - Vector length 71016 Offset 568128
Group: 0 Thread 10 Global Thread 10 running on hwthread 10 - Vector length 71016 Offset 710160
Group: 0 Thread 9 Global Thread 9 running on hwthread 9 - Vector length 71016 Offset 639144
Group: 0 Thread 11 Global Thread 11 running on hwthread 11 - Vector length 71016 Offset 781176
Group: 0 Thread 12 Global Thread 12 running on hwthread 12 - Vector length 71016 Offset 852192
Group: 0 Thread 13 Global Thread 13 running on hwthread 13 - Vector length 71016 Offset 923208
Group: 0 Thread 14 Global Thread 14 running on hwthread 14 - Vector length 71016 Offset 994224
Group: 0 Thread 15 Global Thread 15 running on hwthread 15 - Vector length 71016 Offset 1065240
Group: 0 Thread 16 Global Thread 16 running on hwthread 16 - Vector length 71016 Offset 1136256
Group: 0 Thread 17 Global Thread 17 running on hwthread 17 - Vector length 71016 Offset 1207272
Group: 0 Thread 18 Global Thread 18 running on hwthread 18 - Vector length 71016 Offset 1278288
Group: 0 Thread 19 Global Thread 19 running on hwthread 19 - Vector length 71016 Offset 1349304
Group: 0 Thread 20 Global Thread 20 running on hwthread 20 - Vector length 71016 Offset 1420320
Group: 0 Thread 21 Global Thread 21 running on hwthread 21 - Vector length 71016 Offset 1491336
Group: 0 Thread 22 Global Thread 22 running on hwthread 22 - Vector length 71016 Offset 1562352
Group: 0 Thread 23 Global Thread 23 running on hwthread 23 - Vector length 71016 Offset 1633368
Group: 0 Thread 24 Global Thread 24 running on hwthread 24 - Vector length 71016 Offset 1704384
Group: 0 Thread 26 Global Thread 26 running on hwthread 26 - Vector length 71016 Offset 1846416
Group: 0 Thread 25 Global Thread 25 running on hwthread 25 - Vector length 71016 Offset 1775400
Group: 0 Thread 27 Global Thread 27 running on hwthread 27 - Vector length 71016 Offset 1917432
Group: 0 Thread 28 Global Thread 28 running on hwthread 28 - Vector length 71016 Offset 1988448
Group: 0 Thread 29 Global Thread 29 running on hwthread 29 - Vector length 71016 Offset 2059464
Group: 0 Thread 30 Global Thread 30 running on hwthread 30 - Vector length 71016 Offset 2130480
Group: 0 Thread 31 Global Thread 31 running on hwthread 31 - Vector length 71016 Offset 2201496
Group: 0 Thread 32 Global Thread 32 running on hwthread 32 - Vector length 71016 Offset 2272512
Group: 0 Thread 35 Global Thread 35 running on hwthread 35 - Vector length 71016 Offset 2485560
Group: 0 Thread 34 Global Thread 34 running on hwthread 34 - Vector length 71016 Offset 2414544
Group: 0 Thread 36 Global Thread 36 running on hwthread 36 - Vector length 71016 Offset 2556576
Group: 0 Thread 37 Global Thread 37 running on hwthread 37 - Vector length 71016 Offset 2627592
Group: 0 Thread 39 Global Thread 39 running on hwthread 39 - Vector length 71016 Offset 2769624
Group: 0 Thread 40 Global Thread 40 running on hwthread 40 - Vector length 71016 Offset 2840640
Group: 0 Thread 38 Global Thread 38 running on hwthread 38 - Vector length 71016 Offset 2698608
Group: 0 Thread 41 Global Thread 41 running on hwthread 41 - Vector length 71016 Offset 2911656
Group: 0 Thread 42 Global Thread 42 running on hwthread 42 - Vector length 71016 Offset 2982672
Group: 0 Thread 43 Global Thread 43 running on hwthread 43 - Vector length 71016 Offset 3053688
Group: 0 Thread 33 Global Thread 33 running on hwthread 33 - Vector length 71016 Offset 2343528
--------------------------------------------------------------------------------
Cycles:			12369426220
CPU Clock:		2699986755
Cycle Clock:		2699986755
Time:			4.581291e+00 sec
Iterations:		1441792
Iterations per thread:	32768
Inner loop executions:	8877
Size (Byte):		99990528
Size per thread:	2272512
Number of Flops:	204780601344
MFlops/s:		44699.32
Data volume (Byte):	3276489621504
MByte/s:		715189.08
Cycles per update:	0.120807
Cycles per cacheline:	0.966453
Loads per update:	3
Stores per update:	1
Load bytes per element:	24
Store bytes per elem.:	8
Load/store ratio:	3.00
Instructions:		243176964112
UOPs:			383963627520
--------------------------------------------------------------------------------
FLUX-RUN END likwid-iter-1
FLUX-RUN START likwid-iter-2
Running without Marker API. Activate Marker API with -m on commandline.
Warning: Sanitizing vector length to a multiple of the loop stride 8 and thread count 44 from 3125000 elements (25000000 bytes) to 3124704 elements (24997632 bytes)
Allocate: Process running on hwthread 0 (Domain S0) - Vector length 3124704/24997632 Offset 0 Alignment 512
Allocate: Process running on hwthread 0 (Domain S0) - Vector length 3124704/24997632 Offset 0 Alignment 512
Allocate: Process running on hwthread 0 (Domain S0) - Vector length 3124704/24997632 Offset 0 Alignment 512
Allocate: Process running on hwthread 0 (Domain S0) - Vector length 3124704/24997632 Offset 0 Alignment 512
Initialization: First thread in domain initializes the whole stream
--------------------------------------------------------------------------------
LIKWID MICRO BENCHMARK
Test: triad_sse
--------------------------------------------------------------------------------
Using 1 work groups
Using 44 threads
--------------------------------------------------------------------------------
--------------------------------------------------------------------------------
Group: 0 Thread 0 Global Thread 0 running on hwthread 0 - Vector length 71016 Offset 0
Group: 0 Thread 1 Global Thread 1 running on hwthread 1 - Vector length 71016 Offset 71016
Group: 0 Thread 2 Global Thread 2 running on hwthread 2 - Vector length 71016 Offset 142032
Group: 0 Thread 3 Global Thread 3 running on hwthread 3 - Vector length 71016 Offset 213048
Group: 0 Thread 4 Global Thread 4 running on hwthread 4 - Vector length 71016 Offset 284064
Group: 0 Thread 5 Global Thread 5 running on hwthread 5 - Vector length 71016 Offset 355080
Group: 0 Thread 6 Global Thread 6 running on hwthread 6 - Vector length 71016 Offset 426096
Group: 0 Thread 8 Global Thread 8 running on hwthread 8 - Vector length 71016 Offset 568128
Group: 0 Thread 7 Global Thread 7 running on hwthread 7 - Vector length 71016 Offset 497112
Group: 0 Thread 9 Global Thread 9 running on hwthread 9 - Vector length 71016 Offset 639144
Group: 0 Thread 10 Global Thread 10 running on hwthread 10 - Vector length 71016 Offset 710160
Group: 0 Thread 11 Global Thread 11 running on hwthread 11 - Vector length 71016 Offset 781176
Group: 0 Thread 12 Global Thread 12 running on hwthread 12 - Vector length 71016 Offset 852192
Group: 0 Thread 13 Global Thread 13 running on hwthread 13 - Vector length 71016 Offset 923208
Group: 0 Thread 15 Global Thread 15 running on hwthread 15 - Vector length 71016 Offset 1065240
Group: 0 Thread 16 Global Thread 16 running on hwthread 16 - Vector length 71016 Offset 1136256
Group: 0 Thread 17 Global Thread 17 running on hwthread 17 - Vector length 71016 Offset 1207272
Group: 0 Thread 14 Global Thread 14 running on hwthread 14 - Vector length 71016 Offset 994224
Group: 0 Thread 19 Global Thread 19 running on hwthread 19 - Vector length 71016 Offset 1349304
Group: 0 Thread 20 Global Thread 20 running on hwthread 20 - Vector length 71016 Offset 1420320
Group: 0 Thread 18 Global Thread 18 running on hwthread 18 - Vector length 71016 Offset 1278288
Group: 0 Thread 21 Global Thread 21 running on hwthread 21 - Vector length 71016 Offset 1491336
Group: 0 Thread 22 Global Thread 22 running on hwthread 22 - Vector length 71016 Offset 1562352
Group: 0 Thread 23 Global Thread 23 running on hwthread 23 - Vector length 71016 Offset 1633368
Group: 0 Thread 24 Global Thread 24 running on hwthread 24 - Vector length 71016 Offset 1704384
Group: 0 Thread 25 Global Thread 25 running on hwthread 25 - Vector length 71016 Offset 1775400
Group: 0 Thread 26 Global Thread 26 running on hwthread 26 - Vector length 71016 Offset 1846416
Group: 0 Thread 27 Global Thread 27 running on hwthread 27 - Vector length 71016 Offset 1917432
Group: 0 Thread 28 Global Thread 28 running on hwthread 28 - Vector length 71016 Offset 1988448
Group: 0 Thread 29 Global Thread 29 running on hwthread 29 - Vector length 71016 Offset 2059464
Group: 0 Thread 30 Global Thread 30 running on hwthread 30 - Vector length 71016 Offset 2130480
Group: 0 Thread 31 Global Thread 31 running on hwthread 31 - Vector length 71016 Offset 2201496
Group: 0 Thread 32 Global Thread 32 running on hwthread 32 - Vector length 71016 Offset 2272512
Group: 0 Thread 34 Global Thread 34 running on hwthread 34 - Vector length 71016 Offset 2414544
Group: 0 Thread 33 Global Thread 33 running on hwthread 33 - Vector length 71016 Offset 2343528
Group: 0 Thread 35 Global Thread 35 running on hwthread 35 - Vector length 71016 Offset 2485560
Group: 0 Thread 36 Global Thread 36 running on hwthread 36 - Vector length 71016 Offset 2556576
Group: 0 Thread 37 Global Thread 37 running on hwthread 37 - Vector length 71016 Offset 2627592
Group: 0 Thread 38 Global Thread 38 running on hwthread 38 - Vector length 71016 Offset 2698608
Group: 0 Thread 39 Global Thread 39 running on hwthread 39 - Vector length 71016 Offset 2769624
Group: 0 Thread 40 Global Thread 40 running on hwthread 40 - Vector length 71016 Offset 2840640
Group: 0 Thread 41 Global Thread 41 running on hwthread 41 - Vector length 71016 Offset 2911656
Group: 0 Thread 42 Global Thread 42 running on hwthread 42 - Vector length 71016 Offset 2982672
Group: 0 Thread 43 Global Thread 43 running on hwthread 43 - Vector length 71016 Offset 3053688
--------------------------------------------------------------------------------
Cycles:			12007264418
CPU Clock:		2699987379
Cycle Clock:		2699987379
Time:			4.447156e+00 sec
Iterations:		1441792
Iterations per thread:	32768
Inner loop executions:	8877
Size (Byte):		99990528
Size per thread:	2272512
Number of Flops:	204780601344
MFlops/s:		46047.54
Data volume (Byte):	3276489621504
MByte/s:		736760.71
Cycles per update:	0.117270
Cycles per cacheline:	0.938156
Loads per update:	3
Stores per update:	1
Load bytes per element:	24
Store bytes per elem.:	8
Load/store ratio:	3.00
Instructions:		243176964112
UOPs:			383963627520
--------------------------------------------------------------------------------
FLUX-RUN END likwid-iter-2
FLUX-RUN START likwid-iter-3
Running without Marker API. Activate Marker API with -m on commandline.
Warning: Sanitizing vector length to a multiple of the loop stride 8 and thread count 44 from 3125000 elements (25000000 bytes) to 3124704 elements (24997632 bytes)
Allocate: Process running on hwthread 0 (Domain S0) - Vector length 3124704/24997632 Offset 0 Alignment 512
Allocate: Process running on hwthread 0 (Domain S0) - Vector length 3124704/24997632 Offset 0 Alignment 512
Allocate: Process running on hwthread 0 (Domain S0) - Vector length 3124704/24997632 Offset 0 Alignment 512
Allocate: Process running on hwthread 0 (Domain S0) - Vector length 3124704/24997632 Offset 0 Alignment 512
Initialization: First thread in domain initializes the whole stream
--------------------------------------------------------------------------------
LIKWID MICRO BENCHMARK
Test: triad_sse
--------------------------------------------------------------------------------
Using 1 work groups
Using 44 threads
--------------------------------------------------------------------------------
--------------------------------------------------------------------------------
Group: 0 Thread 0 Global Thread 0 running on hwthread 0 - Vector length 71016 Offset 0
Group: 0 Thread 1 Global Thread 1 running on hwthread 1 - Vector length 71016 Offset 71016
Group: 0 Thread 2 Global Thread 2 running on hwthread 2 - Vector length 71016 Offset 142032
Group: 0 Thread 3 Global Thread 3 running on hwthread 3 - Vector length 71016 Offset 213048
Group: 0 Thread 4 Global Thread 4 running on hwthread 4 - Vector length 71016 Offset 284064
Group: 0 Thread 5 Global Thread 5 running on hwthread 5 - Vector length 71016 Offset 355080
Group: 0 Thread 6 Global Thread 6 running on hwthread 6 - Vector length 71016 Offset 426096
Group: 0 Thread 7 Global Thread 7 running on hwthread 7 - Vector length 71016 Offset 497112
Group: 0 Thread 8 Global Thread 8 running on hwthread 8 - Vector length 71016 Offset 568128
Group: 0 Thread 9 Global Thread 9 running on hwthread 9 - Vector length 71016 Offset 639144
Group: 0 Thread 10 Global Thread 10 running on hwthread 10 - Vector length 71016 Offset 710160
Group: 0 Thread 11 Global Thread 11 running on hwthread 11 - Vector length 71016 Offset 781176
Group: 0 Thread 12 Global Thread 12 running on hwthread 12 - Vector length 71016 Offset 852192
Group: 0 Thread 13 Global Thread 13 running on hwthread 13 - Vector length 71016 Offset 923208
Group: 0 Thread 14 Global Thread 14 running on hwthread 14 - Vector length 71016 Offset 994224
Group: 0 Thread 15 Global Thread 15 running on hwthread 15 - Vector length 71016 Offset 1065240
Group: 0 Thread 16 Global Thread 16 running on hwthread 16 - Vector length 71016 Offset 1136256
Group: 0 Thread 17 Global Thread 17 running on hwthread 17 - Vector length 71016 Offset 1207272
Group: 0 Thread 19 Global Thread 19 running on hwthread 19 - Vector length 71016 Offset 1349304
Group: 0 Thread 18 Global Thread 18 running on hwthread 18 - Vector length 71016 Offset 1278288
Group: 0 Thread 20 Global Thread 20 running on hwthread 20 - Vector length 71016 Offset 1420320
Group: 0 Thread 21 Global Thread 21 running on hwthread 21 - Vector length 71016 Offset 1491336
Group: 0 Thread 22 Global Thread 22 running on hwthread 22 - Vector length 71016 Offset 1562352
Group: 0 Thread 23 Global Thread 23 running on hwthread 23 - Vector length 71016 Offset 1633368
Group: 0 Thread 25 Global Thread 25 running on hwthread 25 - Vector length 71016 Offset 1775400
Group: 0 Thread 26 Global Thread 26 running on hwthread 26 - Vector length 71016 Offset 1846416
Group: 0 Thread 24 Global Thread 24 running on hwthread 24 - Vector length 71016 Offset 1704384
Group: 0 Thread 27 Global Thread 27 running on hwthread 27 - Vector length 71016 Offset 1917432
Group: 0 Thread 28 Global Thread 28 running on hwthread 28 - Vector length 71016 Offset 1988448
Group: 0 Thread 29 Global Thread 29 running on hwthread 29 - Vector length 71016 Offset 2059464
Group: 0 Thread 30 Global Thread 30 running on hwthread 30 - Vector length 71016 Offset 2130480
Group: 0 Thread 31 Global Thread 31 running on hwthread 31 - Vector length 71016 Offset 2201496
Group: 0 Thread 32 Global Thread 32 running on hwthread 32 - Vector length 71016 Offset 2272512
Group: 0 Thread 33 Global Thread 33 running on hwthread 33 - Vector length 71016 Offset 2343528
Group: 0 Thread 36 Global Thread 36 running on hwthread 36 - Vector length 71016 Offset 2556576
Group: 0 Thread 34 Global Thread 34 running on hwthread 34 - Vector length 71016 Offset 2414544
Group: 0 Thread 37 Global Thread 37 running on hwthread 37 - Vector length 71016 Offset 2627592
Group: 0 Thread 38 Global Thread 38 running on hwthread 38 - Vector length 71016 Offset 2698608
Group: 0 Thread 35 Global Thread 35 running on hwthread 35 - Vector length 71016 Offset 2485560
Group: 0 Thread 39 Global Thread 39 running on hwthread 39 - Vector length 71016 Offset 2769624
Group: 0 Thread 40 Global Thread 40 running on hwthread 40 - Vector length 71016 Offset 2840640
Group: 0 Thread 41 Global Thread 41 running on hwthread 41 - Vector length 71016 Offset 2911656
Group: 0 Thread 42 Global Thread 42 running on hwthread 42 - Vector length 71016 Offset 2982672
Group: 0 Thread 43 Global Thread 43 running on hwthread 43 - Vector length 71016 Offset 3053688
--------------------------------------------------------------------------------
Cycles:			12847308940
CPU Clock:		2699988255
Cycle Clock:		2699988255
Time:			4.758283e+00 sec
Iterations:		1441792
Iterations per thread:	32768
Inner loop executions:	8877
Size (Byte):		99990528
Size per thread:	2272512
Number of Flops:	204780601344
MFlops/s:		43036.66
Data volume (Byte):	3276489621504
MByte/s:		688586.50
Cycles per update:	0.125474
Cycles per cacheline:	1.003791
Loads per update:	3
Stores per update:	1
Load bytes per element:	24
Store bytes per elem.:	8
Load/store ratio:	3.00
Instructions:		243176964112
UOPs:			383963627520
--------------------------------------------------------------------------------
FLUX-RUN END likwid-iter-3
FLUX-RUN START likwid-iter-4
Running without Marker API. Activate Marker API with -m on commandline.
Warning: Sanitizing vector length to a multiple of the loop stride 8 and thread count 44 from 3125000 elements (25000000 bytes) to 3124704 elements (24997632 bytes)
Allocate: Process running on hwthread 0 (Domain S0) - Vector length 3124704/24997632 Offset 0 Alignment 512
Allocate: Process running on hwthread 0 (Domain S0) - Vector length 3124704/24997632 Offset 0 Alignment 512
Allocate: Process running on hwthread 0 (Domain S0) - Vector length 3124704/24997632 Offset 0 Alignment 512
Allocate: Process running on hwthread 0 (Domain S0) - Vector length 3124704/24997632 Offset 0 Alignment 512
Initialization: First thread in domain initializes the whole stream
--------------------------------------------------------------------------------
LIKWID MICRO BENCHMARK
Test: triad_sse
--------------------------------------------------------------------------------
Using 1 work groups
Using 44 threads
--------------------------------------------------------------------------------
--------------------------------------------------------------------------------
Group: 0 Thread 0 Global Thread 0 running on hwthread 0 - Vector length 71016 Offset 0
Group: 0 Thread 1 Global Thread 1 running on hwthread 1 - Vector length 71016 Offset 71016
Group: 0 Thread 2 Global Thread 2 running on hwthread 2 - Vector length 71016 Offset 142032
Group: 0 Thread 3 Global Thread 3 running on hwthread 3 - Vector length 71016 Offset 213048
Group: 0 Thread 4 Global Thread 4 running on hwthread 4 - Vector length 71016 Offset 284064
Group: 0 Thread 5 Global Thread 5 running on hwthread 5 - Vector length 71016 Offset 355080
Group: 0 Thread 6 Global Thread 6 running on hwthread 6 - Vector length 71016 Offset 426096
Group: 0 Thread 7 Global Thread 7 running on hwthread 7 - Vector length 71016 Offset 497112
Group: 0 Thread 8 Global Thread 8 running on hwthread 8 - Vector length 71016 Offset 568128
Group: 0 Thread 9 Global Thread 9 running on hwthread 9 - Vector length 71016 Offset 639144
Group: 0 Thread 10 Global Thread 10 running on hwthread 10 - Vector length 71016 Offset 710160
Group: 0 Thread 11 Global Thread 11 running on hwthread 11 - Vector length 71016 Offset 781176
Group: 0 Thread 12 Global Thread 12 running on hwthread 12 - Vector length 71016 Offset 852192
Group: 0 Thread 13 Global Thread 13 running on hwthread 13 - Vector length 71016 Offset 923208
Group: 0 Thread 14 Global Thread 14 running on hwthread 14 - Vector length 71016 Offset 994224
Group: 0 Thread 15 Global Thread 15 running on hwthread 15 - Vector length 71016 Offset 1065240
Group: 0 Thread 16 Global Thread 16 running on hwthread 16 - Vector length 71016 Offset 1136256
Group: 0 Thread 17 Global Thread 17 running on hwthread 17 - Vector length 71016 Offset 1207272
Group: 0 Thread 19 Global Thread 19 running on hwthread 19 - Vector length 71016 Offset 1349304
Group: 0 Thread 18 Global Thread 18 running on hwthread 18 - Vector length 71016 Offset 1278288
Group: 0 Thread 20 Global Thread 20 running on hwthread 20 - Vector length 71016 Offset 1420320
Group: 0 Thread 22 Global Thread 22 running on hwthread 22 - Vector length 71016 Offset 1562352
Group: 0 Thread 21 Global Thread 21 running on hwthread 21 - Vector length 71016 Offset 1491336
Group: 0 Thread 23 Global Thread 23 running on hwthread 23 - Vector length 71016 Offset 1633368
Group: 0 Thread 24 Global Thread 24 running on hwthread 24 - Vector length 71016 Offset 1704384
Group: 0 Thread 25 Global Thread 25 running on hwthread 25 - Vector length 71016 Offset 1775400
Group: 0 Thread 26 Global Thread 26 running on hwthread 26 - Vector length 71016 Offset 1846416
Group: 0 Thread 27 Global Thread 27 running on hwthread 27 - Vector length 71016 Offset 1917432
Group: 0 Thread 29 Global Thread 29 running on hwthread 29 - Vector length 71016 Offset 2059464
Group: 0 Thread 28 Global Thread 28 running on hwthread 28 - Vector length 71016 Offset 1988448
Group: 0 Thread 30 Global Thread 30 running on hwthread 30 - Vector length 71016 Offset 2130480
Group: 0 Thread 31 Global Thread 31 running on hwthread 31 - Vector length 71016 Offset 2201496
Group: 0 Thread 32 Global Thread 32 running on hwthread 32 - Vector length 71016 Offset 2272512
Group: 0 Thread 34 Global Thread 34 running on hwthread 34 - Vector length 71016 Offset 2414544
Group: 0 Thread 33 Global Thread 33 running on hwthread 33 - Vector length 71016 Offset 2343528
Group: 0 Thread 37 Global Thread 37 running on hwthread 37 - Vector length 71016 Offset 2627592
Group: 0 Thread 38 Global Thread 38 running on hwthread 38 - Vector length 71016 Offset 2698608
Group: 0 Thread 35 Global Thread 35 running on hwthread 35 - Vector length 71016 Offset 2485560
Group: 0 Thread 36 Global Thread 36 running on hwthread 36 - Vector length 71016 Offset 2556576
Group: 0 Thread 39 Global Thread 39 running on hwthread 39 - Vector length 71016 Offset 2769624
Group: 0 Thread 40 Global Thread 40 running on hwthread 40 - Vector length 71016 Offset 2840640
Group: 0 Thread 41 Global Thread 41 running on hwthread 41 - Vector length 71016 Offset 2911656
Group: 0 Thread 42 Global Thread 42 running on hwthread 42 - Vector length 71016 Offset 2982672
Group: 0 Thread 43 Global Thread 43 running on hwthread 43 - Vector length 71016 Offset 3053688
--------------------------------------------------------------------------------
Cycles:			12441767348
CPU Clock:		2699984164
Cycle Clock:		2699984164
Time:			4.608089e+00 sec
Iterations:		1441792
Iterations per thread:	32768
Inner loop executions:	8877
Size (Byte):		99990528
Size per thread:	2272512
Number of Flops:	204780601344
MFlops/s:		44439.38
Data volume (Byte):	3276489621504
MByte/s:		711030.02
Cycles per update:	0.121513
Cycles per cacheline:	0.972105
Loads per update:	3
Stores per update:	1
Load bytes per element:	24
Store bytes per elem.:	8
Load/store ratio:	3.00
Instructions:		243176964112
UOPs:			383963627520
--------------------------------------------------------------------------------
FLUX-RUN END likwid-iter-4
FLUX-RUN START likwid-iter-5
Running without Marker API. Activate Marker API with -m on commandline.
Warning: Sanitizing vector length to a multiple of the loop stride 8 and thread count 44 from 3125000 elements (25000000 bytes) to 3124704 elements (24997632 bytes)
Allocate: Process running on hwthread 0 (Domain S0) - Vector length 3124704/24997632 Offset 0 Alignment 512
Allocate: Process running on hwthread 0 (Domain S0) - Vector length 3124704/24997632 Offset 0 Alignment 512
Allocate: Process running on hwthread 0 (Domain S0) - Vector length 3124704/24997632 Offset 0 Alignment 512
Allocate: Process running on hwthread 0 (Domain S0) - Vector length 3124704/24997632 Offset 0 Alignment 512
Initialization: First thread in domain initializes the whole stream
--------------------------------------------------------------------------------
LIKWID MICRO BENCHMARK
Test: triad_sse
--------------------------------------------------------------------------------
Using 1 work groups
Using 44 threads
--------------------------------------------------------------------------------
--------------------------------------------------------------------------------
Group: 0 Thread 0 Global Thread 0 running on hwthread 0 - Vector length 71016 Offset 0
Group: 0 Thread 1 Global Thread 1 running on hwthread 1 - Vector length 71016 Offset 71016
Group: 0 Thread 2 Global Thread 2 running on hwthread 2 - Vector length 71016 Offset 142032
Group: 0 Thread 3 Global Thread 3 running on hwthread 3 - Vector length 71016 Offset 213048
Group: 0 Thread 4 Global Thread 4 running on hwthread 4 - Vector length 71016 Offset 284064
Group: 0 Thread 5 Global Thread 5 running on hwthread 5 - Vector length 71016 Offset 355080
Group: 0 Thread 6 Global Thread 6 running on hwthread 6 - Vector length 71016 Offset 426096
Group: 0 Thread 7 Global Thread 7 running on hwthread 7 - Vector length 71016 Offset 497112
Group: 0 Thread 8 Global Thread 8 running on hwthread 8 - Vector length 71016 Offset 568128
Group: 0 Thread 9 Global Thread 9 running on hwthread 9 - Vector length 71016 Offset 639144
Group: 0 Thread 10 Global Thread 10 running on hwthread 10 - Vector length 71016 Offset 710160
Group: 0 Thread 11 Global Thread 11 running on hwthread 11 - Vector length 71016 Offset 781176
Group: 0 Thread 12 Global Thread 12 running on hwthread 12 - Vector length 71016 Offset 852192
Group: 0 Thread 13 Global Thread 13 running on hwthread 13 - Vector length 71016 Offset 923208
Group: 0 Thread 14 Global Thread 14 running on hwthread 14 - Vector length 71016 Offset 994224
Group: 0 Thread 15 Global Thread 15 running on hwthread 15 - Vector length 71016 Offset 1065240
Group: 0 Thread 16 Global Thread 16 running on hwthread 16 - Vector length 71016 Offset 1136256
Group: 0 Thread 17 Global Thread 17 running on hwthread 17 - Vector length 71016 Offset 1207272
Group: 0 Thread 18 Global Thread 18 running on hwthread 18 - Vector length 71016 Offset 1278288
Group: 0 Thread 20 Global Thread 20 running on hwthread 20 - Vector length 71016 Offset 1420320
Group: 0 Thread 21 Global Thread 21 running on hwthread 21 - Vector length 71016 Offset 1491336
Group: 0 Thread 22 Global Thread 22 running on hwthread 22 - Vector length 71016 Offset 1562352
Group: 0 Thread 19 Global Thread 19 running on hwthread 19 - Vector length 71016 Offset 1349304
Group: 0 Thread 23 Global Thread 23 running on hwthread 23 - Vector length 71016 Offset 1633368
Group: 0 Thread 24 Global Thread 24 running on hwthread 24 - Vector length 71016 Offset 1704384
Group: 0 Thread 25 Global Thread 25 running on hwthread 25 - Vector length 71016 Offset 1775400
Group: 0 Thread 26 Global Thread 26 running on hwthread 26 - Vector length 71016 Offset 1846416
Group: 0 Thread 27 Global Thread 27 running on hwthread 27 - Vector length 71016 Offset 1917432
Group: 0 Thread 28 Global Thread 28 running on hwthread 28 - Vector length 71016 Offset 1988448
Group: 0 Thread 29 Global Thread 29 running on hwthread 29 - Vector length 71016 Offset 2059464
Group: 0 Thread 30 Global Thread 30 running on hwthread 30 - Vector length 71016 Offset 2130480
Group: 0 Thread 31 Global Thread 31 running on hwthread 31 - Vector length 71016 Offset 2201496
Group: 0 Thread 32 Global Thread 32 running on hwthread 32 - Vector length 71016 Offset 2272512
Group: 0 Thread 35 Global Thread 35 running on hwthread 35 - Vector length 71016 Offset 2485560
Group: 0 Thread 33 Global Thread 33 running on hwthread 33 - Vector length 71016 Offset 2343528
Group: 0 Thread 34 Global Thread 34 running on hwthread 34 - Vector length 71016 Offset 2414544
Group: 0 Thread 36 Global Thread 36 running on hwthread 36 - Vector length 71016 Offset 2556576
Group: 0 Thread 37 Global Thread 37 running on hwthread 37 - Vector length 71016 Offset 2627592
Group: 0 Thread 38 Global Thread 38 running on hwthread 38 - Vector length 71016 Offset 2698608
Group: 0 Thread 39 Global Thread 39 running on hwthread 39 - Vector length 71016 Offset 2769624
Group: 0 Thread 40 Global Thread 40 running on hwthread 40 - Vector length 71016 Offset 2840640
Group: 0 Thread 41 Global Thread 41 running on hwthread 41 - Vector length 71016 Offset 2911656
Group: 0 Thread 42 Global Thread 42 running on hwthread 42 - Vector length 71016 Offset 2982672
Group: 0 Thread 43 Global Thread 43 running on hwthread 43 - Vector length 71016 Offset 3053688
--------------------------------------------------------------------------------
Cycles:			12804599755
CPU Clock:		2699967619
Cycle Clock:		2699967619
Time:			4.742501e+00 sec
Iterations:		1441792
Iterations per thread:	32768
Inner loop executions:	8877
Size (Byte):		99990528
Size per thread:	2272512
Number of Flops:	204780601344
MFlops/s:		43179.87
Data volume (Byte):	3276489621504
MByte/s:		690877.97
Cycles per update:	0.125057
Cycles per cacheline:	1.000454
Loads per update:	3
Stores per update:	1
Load bytes per element:	24
Store bytes per elem.:	8
Load/store ratio:	3.00
Instructions:		243176964112
UOPs:			383963627520
--------------------------------------------------------------------------------
FLUX-RUN END likwid-iter-5
0% [Working]            Get:1 http://security.ubuntu.com/ubuntu jammy-security InRelease [129 kB]
0% [Connecting to archive.ubuntu.com (185.125.190.83)] [1 InRelease 9828 B/129                                                                                0% [Waiting for headers]                        Hit:2 http://archive.ubuntu.com/ubuntu jammy InRelease
                        0% [Working]0% [Waiting for headers]                        Get:3 http://security.ubuntu.com/ubuntu jammy-security/universe amd64 Packages [1244 kB]
0% [Waiting for headers] [3 Packages 2655 B/1244 kB 0%]                                                       Get:4 http://archive.ubuntu.com/ubuntu jammy-updates InRelease [128 kB]
0% [4 InRelease 14.2 kB/128 kB 11%] [3 Packages 121 kB/1244 kB 10%]0% [4 InRelease 14.2 kB/128 kB 11%] [3 Packages 142 kB/1244 kB 11%]                                                                   0% [4 InRelease 15.6 kB/128 kB 12%]0% [3 Packages store 0 B] [4 InRelease 15.6 kB/128 kB 12%]                                                          0% [4 InRelease 34.4 kB/128 kB 27%]                                   0% [Working]0% [Waiting for headers]                        Get:5 http://archive.ubuntu.com/ubuntu jammy-backports InRelease [127 kB]
0% [5 InRelease 2588 B/127 kB 2%]                                 0% [Working]30% [Waiting for headers]                         Get:6 http://archive.ubuntu.com/ubuntu jammy-updates/universe amd64 Packages [1544 kB]
30% [6 Packages 2655 B/1544 kB 0%]                                  41% [Waiting for headers]                         Get:7 http://archive.ubuntu.com/ubuntu jammy-updates/multiverse amd64 Packages [55.7 kB]
41% [7 Packages 4813 B/55.7 kB 9%]41% [6 Packages store 0 B] [7 Packages 4813 B/55.7 kB 9%]                                                         42% [6 Packages store 0 B] [Waiting for headers]                                                Get:8 http://archive.ubuntu.com/ubuntu jammy-updates/restricted amd64 Packages [4420 kB]
42% [6 Packages store 0 B] [8 Packages 9705 B/4420 kB 0%]                                                         47% [8 Packages 676 kB/4420 kB 15%]47% [7 Packages store 0 B] [8 Packages 676 kB/4420 kB 15%]                                                          48% [8 Packages 702 kB/4420 kB 16%]                                   75% [Waiting for headers]                         Get:9 http://archive.ubuntu.com/ubuntu jammy-updates/main amd64 Packages [3200 kB]
75% [9 Packages 15.0 kB/3200 kB 0%]76% [8 Packages store 0 B] [9 Packages 37.6 kB/3200 kB 1%]                                                          99% [8 Packages store 0 B]                          99% [Working]99% [9 Packages store 0 B]                          100% [Working]              Fetched 10.8 MB in 2s (5430 kB/s)
Reading package lists... 0%Reading package lists... 0%Reading package lists... 0%Reading package lists... 4%Reading package lists... 4%Reading package lists... 4%Reading package lists... 4%Reading package lists... 46%Reading package lists... 46%Reading package lists... 47%Reading package lists... 47%Reading package lists... 56%Reading package lists... 56%Reading package lists... 69%Reading package lists... 69%Reading package lists... 74%Reading package lists... 74%Reading package lists... 74%Reading package lists... 74%Reading package lists... 74%Reading package lists... 74%Reading package lists... 74%Reading package lists... 74%Reading package lists... 83%Reading package lists... 83%Reading package lists... 95%Reading package lists... 95%Reading package lists... 99%Reading package lists... 99%Reading package lists... 99%Reading package lists... 99%Reading package lists... Done
Reading package lists... 0%Reading package lists... 0%Reading package lists... 0%Reading package lists... 4%Reading package lists... 4%Reading package lists... 4%Reading package lists... 4%Reading package lists... 46%Reading package lists... 46%Reading package lists... 47%Reading package lists... 47%Reading package lists... 56%Reading package lists... 56%Reading package lists... 69%Reading package lists... 69%Reading package lists... 74%Reading package lists... 74%Reading package lists... 74%Reading package lists... 74%Reading package lists... 74%Reading package lists... 74%Reading package lists... 74%Reading package lists... 74%Reading package lists... 83%Reading package lists... 83%Reading package lists... 95%Reading package lists... 95%Reading package lists... 99%Reading package lists... 99%Reading package lists... 99%Reading package lists... 99%Reading package lists... Done
Building dependency tree... 0%Building dependency tree... 0%Building dependency tree... 21%Building dependency tree... 50%Building dependency tree... 50%Building dependency tree... Done
Reading state information... 0% Reading state information... 0%Reading state information... Done
jq is already the newest version (1.6-2.1ubuntu3).
0 upgraded, 0 newly installed, 0 to remove and 1 not upgraded.

FLUX-JOB START 572405055488 likwid-iter-5
FLUX-JOB-JOBSPEC START
{"resources": [{"type": "node", "count": 1, "with": [{"type": "slot", "count": 1, "with": [{"type": "core", "count": 88}], "label": "task"}]}], "tasks": [{"command": ["likwid-bench", "-t", "triad_sse", "-w", "S0:100MB"], "slot": "task", "count": {"per_slot": 1}}], "attributes": {"system": {"duration": 0, "cwd": "/opt", "shell": {"options": {"rlimit": {"cpu": -1, "fsize": -1, "data": -1, "stack": 8388608, "core": -1, "nofile": 1048576, "as": -1, "rss": -1, "nproc": -1}, "cpu-affinity": "per-task", "gpu-affinity": "off"}}}, "user": {"study_id": "likwid-iter-5"}}, "version": 1}
FLUX-JOB-JOBSPEC END
FLUX-JOB-RESOURCES START
{"version": 1, "execution": {"R_lite": [{"rank": "0", "children": {"core": "0-87"}}], "nodelist": ["likwid-0"], "starttime": 1746423780, "expiration": 4900023746}}
FLUX-JOB-RESOURCES END
FLUX-JOB-EVENTLOG START
{"timestamp":1746423780.5780721,"name":"init"}
{"timestamp":1746423780.5864136,"name":"shell.init","context":{"service":"0-shell-fG36UXhq","leader-rank":0,"size":1}}
{"timestamp":1746423780.5887489,"name":"shell.start","context":{"taskmap":{"version":1,"map":[[0,1,1,1]]}}}
{"timestamp":1746423780.5784893,"name":"starting"}
{"timestamp":1746423789.1037154,"name":"shell.task-exit","context":{"localid":0,"rank":0,"state":"Exited","pid":326,"wait_status":0,"signaled":0,"exitcode":0}}
{"timestamp":1746423789.1051877,"name":"complete","context":{"status":0}}
{"timestamp":1746423789.105217,"name":"done"}

FLUX-JOB-EVENTLOG END
FLUX-JOB END 572405055488 likwid-iter-5

FLUX-JOB START 432483074048 likwid-iter-4
FLUX-JOB-JOBSPEC START
{"resources": [{"type": "node", "count": 1, "with": [{"type": "slot", "count": 1, "with": [{"type": "core", "count": 88}], "label": "task"}]}], "tasks": [{"command": ["likwid-bench", "-t", "triad_sse", "-w", "S0:100MB"], "slot": "task", "count": {"per_slot": 1}}], "attributes": {"system": {"duration": 0, "cwd": "/opt", "shell": {"options": {"rlimit": {"cpu": -1, "fsize": -1, "data": -1, "stack": 8388608, "core": -1, "nofile": 1048576, "as": -1, "rss": -1, "nproc": -1}, "cpu-affinity": "per-task", "gpu-affinity": "off"}}}, "user": {"study_id": "likwid-iter-4"}}, "version": 1}
FLUX-JOB-JOBSPEC END
FLUX-JOB-RESOURCES START
{"version": 1, "execution": {"R_lite": [{"rank": "0", "children": {"core": "0-87"}}], "nodelist": ["likwid-0"], "starttime": 1746423772, "expiration": 4900023746}}
FLUX-JOB-RESOURCES END
FLUX-JOB-EVENTLOG START
{"timestamp":1746423772.2379448,"name":"init"}
{"timestamp":1746423772.2463284,"name":"shell.init","context":{"service":"0-shell-fCMv3oRy","leader-rank":0,"size":1}}
{"timestamp":1746423772.248569,"name":"shell.start","context":{"taskmap":{"version":1,"map":[[0,1,1,1]]}}}
{"timestamp":1746423772.2383764,"name":"starting"}
{"timestamp":1746423780.3779423,"name":"shell.task-exit","context":{"localid":0,"rank":0,"state":"Exited","pid":272,"wait_status":0,"signaled":0,"exitcode":0}}
{"timestamp":1746423780.3793998,"name":"complete","context":{"status":0}}
