Defaulted container "likwid" out of: likwid, flux-view (init)
#!/bin/bash
set -euo pipefail
mkdir -p /tmp/output
flux resource list
for i in {1..5}
do
  echo "FLUX-RUN START likwid-iter-$i"
  flux run --setattr=user.study_id=likwid-iter-$i -N1 -n 1 -o cpu-affinity=per-task -o gpu-affinity=off  --cores-per-task 88   likwid-bench -t clcopy -w S0:100MB |& tee /tmp/likwid.out
  
   echo "FLUX-RUN END likwid-iter-$i"
done


output=./results/${app}
(apt-get update && apt-get install -y jq) || (yum update -y && yum install -y jq)
mkdir -p $output
for jobid in $(flux jobs -a --json | jq -r .jobs[].id); do
    echo
    study_id=$(flux job info $jobid jobspec | jq -r ".attributes.user.study_id")
    echo "FLUX-JOB START ${jobid} ${study_id}"
    echo "FLUX-JOB-JOBSPEC START"
    flux job info $jobid jobspec
    echo "FLUX-JOB-JOBSPEC END" 
    
    echo "FLUX-JOB-RESOURCES START"
    flux job info ${jobid} R
    echo "FLUX-JOB-RESOURCES END"
    echo "FLUX-JOB-EVENTLOG START" 
    flux job info $jobid guest.exec.eventlog
    echo "FLUX-JOB-EVENTLOG END" 
    echo "FLUX-JOB END ${jobid} ${study_id}"
done
echo "FLUX JOB STATS"
flux job stats         

     STATE NNODES   NCORES    NGPUS NODELIST
      free      1       88        0 likwid-0
 allocated      0        0        0 
      down      0        0        0 
FLUX-RUN START likwid-iter-1
Running without Marker API. Activate Marker API with -m on commandline.
Warning: Sanitizing vector length to a multiple of the loop stride 32 and thread count 44 from 6250000 elements (50000000 bytes) to 6248704 elements (49989632 bytes)
Allocate: Process running on hwthread 0 (Domain S0) - Vector length 6248704/49989632 Offset 0 Alignment 512
Allocate: Process running on hwthread 0 (Domain S0) - Vector length 6248704/49989632 Offset 0 Alignment 512
Initialization: First thread in domain initializes the whole stream
--------------------------------------------------------------------------------
LIKWID MICRO BENCHMARK
Test: clcopy
--------------------------------------------------------------------------------
Using 1 work groups
Using 44 threads
--------------------------------------------------------------------------------
--------------------------------------------------------------------------------
Group: 0 Thread 0 Global Thread 0 running on hwthread 0 - Vector length 142016 Offset 0
Group: 0 Thread 1 Global Thread 1 running on hwthread 1 - Vector length 142016 Offset 142016
Group: 0 Thread 2 Global Thread 2 running on hwthread 2 - Vector length 142016 Offset 284032
Group: 0 Thread 3 Global Thread 3 running on hwthread 3 - Vector length 142016 Offset 426048
Group: 0 Thread 4 Global Thread 4 running on hwthread 4 - Vector length 142016 Offset 568064
Group: 0 Thread 6 Global Thread 6 running on hwthread 6 - Vector length 142016 Offset 852096
Group: 0 Thread 7 Global Thread 7 running on hwthread 7 - Vector length 142016 Offset 994112
Group: 0 Thread 8 Global Thread 8 running on hwthread 8 - Vector length 142016 Offset 1136128
Group: 0 Thread 10 Global Thread 10 running on hwthread 10 - Vector length 142016 Offset 1420160
Group: 0 Thread 9 Global Thread 9 running on hwthread 9 - Vector length 142016 Offset 1278144
Group: 0 Thread 11 Global Thread 11 running on hwthread 11 - Vector length 142016 Offset 1562176
Group: 0 Thread 5 Global Thread 5 running on hwthread 5 - Vector length 142016 Offset 710080
Group: 0 Thread 12 Global Thread 12 running on hwthread 12 - Vector length 142016 Offset 1704192
Group: 0 Thread 14 Global Thread 14 running on hwthread 14 - Vector length 142016 Offset 1988224
Group: 0 Thread 13 Global Thread 13 running on hwthread 13 - Vector length 142016 Offset 1846208
Group: 0 Thread 15 Global Thread 15 running on hwthread 15 - Vector length 142016 Offset 2130240
Group: 0 Thread 16 Global Thread 16 running on hwthread 16 - Vector length 142016 Offset 2272256
Group: 0 Thread 17 Global Thread 17 running on hwthread 17 - Vector length 142016 Offset 2414272
Group: 0 Thread 18 Global Thread 18 running on hwthread 18 - Vector length 142016 Offset 2556288
Group: 0 Thread 19 Global Thread 19 running on hwthread 19 - Vector length 142016 Offset 2698304
Group: 0 Thread 20 Global Thread 20 running on hwthread 20 - Vector length 142016 Offset 2840320
Group: 0 Thread 21 Global Thread 21 running on hwthread 21 - Vector length 142016 Offset 2982336
Group: 0 Thread 23 Global Thread 23 running on hwthread 23 - Vector length 142016 Offset 3266368
Group: 0 Thread 22 Global Thread 22 running on hwthread 22 - Vector length 142016 Offset 3124352
Group: 0 Thread 25 Global Thread 25 running on hwthread 25 - Vector length 142016 Offset 3550400
Group: 0 Thread 24 Global Thread 24 running on hwthread 24 - Vector length 142016 Offset 3408384
Group: 0 Thread 26 Global Thread 26 running on hwthread 26 - Vector length 142016 Offset 3692416
Group: 0 Thread 27 Global Thread 27 running on hwthread 27 - Vector length 142016 Offset 3834432
Group: 0 Thread 28 Global Thread 28 running on hwthread 28 - Vector length 142016 Offset 3976448
Group: 0 Thread 29 Global Thread 29 running on hwthread 29 - Vector length 142016 Offset 4118464
Group: 0 Thread 30 Global Thread 30 running on hwthread 30 - Vector length 142016 Offset 4260480
Group: 0 Thread 31 Global Thread 31 running on hwthread 31 - Vector length 142016 Offset 4402496
Group: 0 Thread 32 Global Thread 32 running on hwthread 32 - Vector length 142016 Offset 4544512
Group: 0 Thread 33 Global Thread 33 running on hwthread 33 - Vector length 142016 Offset 4686528
Group: 0 Thread 35 Global Thread 35 running on hwthread 35 - Vector length 142016 Offset 4970560
Group: 0 Thread 34 Global Thread 34 running on hwthread 34 - Vector length 142016 Offset 4828544
Group: 0 Thread 37 Global Thread 37 running on hwthread 37 - Vector length 142016 Offset 5254592
Group: 0 Thread 38 Global Thread 38 running on hwthread 38 - Vector length 142016 Offset 5396608
Group: 0 Thread 39 Global Thread 39 running on hwthread 39 - Vector length 142016 Offset 5538624
Group: 0 Thread 36 Global Thread 36 running on hwthread 36 - Vector length 142016 Offset 5112576
Group: 0 Thread 40 Global Thread 40 running on hwthread 40 - Vector length 142016 Offset 5680640
Group: 0 Thread 41 Global Thread 41 running on hwthread 41 - Vector length 142016 Offset 5822656
Group: 0 Thread 42 Global Thread 42 running on hwthread 42 - Vector length 142016 Offset 5964672
Group: 0 Thread 43 Global Thread 43 running on hwthread 43 - Vector length 142016 Offset 6106688
--------------------------------------------------------------------------------
Cycles:			10119422501
CPU Clock:		2699991787
Cycle Clock:		2699991787
Time:			3.747946e+00 sec
Iterations:		1441792
Iterations per thread:	32768
Inner loop executions:	4438
Size (Byte):		99979264
Size per thread:	2272256
Number of Flops:	0
MFlops/s:		0.00
Data volume (Byte):	3276120522752
MByte/s:		874111.00
Cycles per update:	0.049421
Cycles per cacheline:	0.395372
Loads per update:	1
Stores per update:	1
Load bytes per element:	8
Store bytes per elem.:	8
Load/store ratio:	1.00
Instructions:		70385401872
UOPs:			89581420544
--------------------------------------------------------------------------------
FLUX-RUN END likwid-iter-1
FLUX-RUN START likwid-iter-2
Running without Marker API. Activate Marker API with -m on commandline.
Warning: Sanitizing vector length to a multiple of the loop stride 32 and thread count 44 from 6250000 elements (50000000 bytes) to 6248704 elements (49989632 bytes)
Allocate: Process running on hwthread 0 (Domain S0) - Vector length 6248704/49989632 Offset 0 Alignment 512
Allocate: Process running on hwthread 0 (Domain S0) - Vector length 6248704/49989632 Offset 0 Alignment 512
Initialization: First thread in domain initializes the whole stream
--------------------------------------------------------------------------------
LIKWID MICRO BENCHMARK
Test: clcopy
--------------------------------------------------------------------------------
Using 1 work groups
Using 44 threads
--------------------------------------------------------------------------------
--------------------------------------------------------------------------------
Group: 0 Thread 0 Global Thread 0 running on hwthread 0 - Vector length 142016 Offset 0
Group: 0 Thread 1 Global Thread 1 running on hwthread 1 - Vector length 142016 Offset 142016
Group: 0 Thread 2 Global Thread 2 running on hwthread 2 - Vector length 142016 Offset 284032
Group: 0 Thread 3 Global Thread 3 running on hwthread 3 - Vector length 142016 Offset 426048
Group: 0 Thread 4 Global Thread 4 running on hwthread 4 - Vector length 142016 Offset 568064
Group: 0 Thread 5 Global Thread 5 running on hwthread 5 - Vector length 142016 Offset 710080
Group: 0 Thread 6 Global Thread 6 running on hwthread 6 - Vector length 142016 Offset 852096
Group: 0 Thread 7 Global Thread 7 running on hwthread 7 - Vector length 142016 Offset 994112
Group: 0 Thread 8 Global Thread 8 running on hwthread 8 - Vector length 142016 Offset 1136128
Group: 0 Thread 9 Global Thread 9 running on hwthread 9 - Vector length 142016 Offset 1278144
Group: 0 Thread 10 Global Thread 10 running on hwthread 10 - Vector length 142016 Offset 1420160
Group: 0 Thread 11 Global Thread 11 running on hwthread 11 - Vector length 142016 Offset 1562176
Group: 0 Thread 12 Global Thread 12 running on hwthread 12 - Vector length 142016 Offset 1704192
Group: 0 Thread 13 Global Thread 13 running on hwthread 13 - Vector length 142016 Offset 1846208
Group: 0 Thread 14 Global Thread 14 running on hwthread 14 - Vector length 142016 Offset 1988224
Group: 0 Thread 16 Global Thread 16 running on hwthread 16 - Vector length 142016 Offset 2272256
Group: 0 Thread 15 Global Thread 15 running on hwthread 15 - Vector length 142016 Offset 2130240
Group: 0 Thread 17 Global Thread 17 running on hwthread 17 - Vector length 142016 Offset 2414272
Group: 0 Thread 18 Global Thread 18 running on hwthread 18 - Vector length 142016 Offset 2556288
Group: 0 Thread 19 Global Thread 19 running on hwthread 19 - Vector length 142016 Offset 2698304
Group: 0 Thread 20 Global Thread 20 running on hwthread 20 - Vector length 142016 Offset 2840320
Group: 0 Thread 21 Global Thread 21 running on hwthread 21 - Vector length 142016 Offset 2982336
Group: 0 Thread 22 Global Thread 22 running on hwthread 22 - Vector length 142016 Offset 3124352
Group: 0 Thread 24 Global Thread 24 running on hwthread 24 - Vector length 142016 Offset 3408384
Group: 0 Thread 23 Global Thread 23 running on hwthread 23 - Vector length 142016 Offset 3266368
Group: 0 Thread 25 Global Thread 25 running on hwthread 25 - Vector length 142016 Offset 3550400
Group: 0 Thread 26 Global Thread 26 running on hwthread 26 - Vector length 142016 Offset 3692416
Group: 0 Thread 27 Global Thread 27 running on hwthread 27 - Vector length 142016 Offset 3834432
Group: 0 Thread 28 Global Thread 28 running on hwthread 28 - Vector length 142016 Offset 3976448
Group: 0 Thread 29 Global Thread 29 running on hwthread 29 - Vector length 142016 Offset 4118464
Group: 0 Thread 30 Global Thread 30 running on hwthread 30 - Vector length 142016 Offset 4260480
Group: 0 Thread 31 Global Thread 31 running on hwthread 31 - Vector length 142016 Offset 4402496
Group: 0 Thread 32 Global Thread 32 running on hwthread 32 - Vector length 142016 Offset 4544512
Group: 0 Thread 33 Global Thread 33 running on hwthread 33 - Vector length 142016 Offset 4686528
Group: 0 Thread 35 Global Thread 35 running on hwthread 35 - Vector length 142016 Offset 4970560
Group: 0 Thread 34 Global Thread 34 running on hwthread 34 - Vector length 142016 Offset 4828544
Group: 0 Thread 36 Global Thread 36 running on hwthread 36 - Vector length 142016 Offset 5112576
Group: 0 Thread 37 Global Thread 37 running on hwthread 37 - Vector length 142016 Offset 5254592
Group: 0 Thread 38 Global Thread 38 running on hwthread 38 - Vector length 142016 Offset 5396608
Group: 0 Thread 39 Global Thread 39 running on hwthread 39 - Vector length 142016 Offset 5538624
Group: 0 Thread 41 Global Thread 41 running on hwthread 41 - Vector length 142016 Offset 5822656
Group: 0 Thread 42 Global Thread 42 running on hwthread 42 - Vector length 142016 Offset 5964672
Group: 0 Thread 40 Global Thread 40 running on hwthread 40 - Vector length 142016 Offset 5680640
Group: 0 Thread 43 Global Thread 43 running on hwthread 43 - Vector length 142016 Offset 6106688
--------------------------------------------------------------------------------
Cycles:			9878503301
CPU Clock:		2699984474
Cycle Clock:		2699984474
Time:			3.658726e+00 sec
Iterations:		1441792
Iterations per thread:	32768
Inner loop executions:	4438
Size (Byte):		99979264
Size per thread:	2272256
Number of Flops:	0
MFlops/s:		0.00
Data volume (Byte):	3276120522752
MByte/s:		895426.59
Cycles per update:	0.048245
Cycles per cacheline:	0.385959
Loads per update:	1
Stores per update:	1
Load bytes per element:	8
Store bytes per elem.:	8
Load/store ratio:	1.00
Instructions:		70385401872
UOPs:			89581420544
--------------------------------------------------------------------------------
FLUX-RUN END likwid-iter-2
FLUX-RUN START likwid-iter-3
Running without Marker API. Activate Marker API with -m on commandline.
Warning: Sanitizing vector length to a multiple of the loop stride 32 and thread count 44 from 6250000 elements (50000000 bytes) to 6248704 elements (49989632 bytes)
Allocate: Process running on hwthread 0 (Domain S0) - Vector length 6248704/49989632 Offset 0 Alignment 512
Allocate: Process running on hwthread 0 (Domain S0) - Vector length 6248704/49989632 Offset 0 Alignment 512
Initialization: First thread in domain initializes the whole stream
--------------------------------------------------------------------------------
LIKWID MICRO BENCHMARK
Test: clcopy
--------------------------------------------------------------------------------
Using 1 work groups
Using 44 threads
--------------------------------------------------------------------------------
--------------------------------------------------------------------------------
Group: 0 Thread 0 Global Thread 0 running on hwthread 0 - Vector length 142016 Offset 0
Group: 0 Thread 1 Global Thread 1 running on hwthread 1 - Vector length 142016 Offset 142016
Group: 0 Thread 2 Global Thread 2 running on hwthread 2 - Vector length 142016 Offset 284032
Group: 0 Thread 3 Global Thread 3 running on hwthread 3 - Vector length 142016 Offset 426048
Group: 0 Thread 4 Global Thread 4 running on hwthread 4 - Vector length 142016 Offset 568064
Group: 0 Thread 5 Global Thread 5 running on hwthread 5 - Vector length 142016 Offset 710080
Group: 0 Thread 6 Global Thread 6 running on hwthread 6 - Vector length 142016 Offset 852096
Group: 0 Thread 7 Global Thread 7 running on hwthread 7 - Vector length 142016 Offset 994112
Group: 0 Thread 8 Global Thread 8 running on hwthread 8 - Vector length 142016 Offset 1136128
Group: 0 Thread 9 Global Thread 9 running on hwthread 9 - Vector length 142016 Offset 1278144
Group: 0 Thread 10 Global Thread 10 running on hwthread 10 - Vector length 142016 Offset 1420160
Group: 0 Thread 11 Global Thread 11 running on hwthread 11 - Vector length 142016 Offset 1562176
Group: 0 Thread 12 Global Thread 12 running on hwthread 12 - Vector length 142016 Offset 1704192
Group: 0 Thread 13 Global Thread 13 running on hwthread 13 - Vector length 142016 Offset 1846208
Group: 0 Thread 14 Global Thread 14 running on hwthread 14 - Vector length 142016 Offset 1988224
Group: 0 Thread 15 Global Thread 15 running on hwthread 15 - Vector length 142016 Offset 2130240
Group: 0 Thread 16 Global Thread 16 running on hwthread 16 - Vector length 142016 Offset 2272256
Group: 0 Thread 17 Global Thread 17 running on hwthread 17 - Vector length 142016 Offset 2414272
Group: 0 Thread 18 Global Thread 18 running on hwthread 18 - Vector length 142016 Offset 2556288
Group: 0 Thread 19 Global Thread 19 running on hwthread 19 - Vector length 142016 Offset 2698304
Group: 0 Thread 20 Global Thread 20 running on hwthread 20 - Vector length 142016 Offset 2840320
Group: 0 Thread 21 Global Thread 21 running on hwthread 21 - Vector length 142016 Offset 2982336
Group: 0 Thread 22 Global Thread 22 running on hwthread 22 - Vector length 142016 Offset 3124352
Group: 0 Thread 23 Global Thread 23 running on hwthread 23 - Vector length 142016 Offset 3266368
Group: 0 Thread 24 Global Thread 24 running on hwthread 24 - Vector length 142016 Offset 3408384
Group: 0 Thread 26 Global Thread 26 running on hwthread 26 - Vector length 142016 Offset 3692416
Group: 0 Thread 25 Global Thread 25 running on hwthread 25 - Vector length 142016 Offset 3550400
Group: 0 Thread 27 Global Thread 27 running on hwthread 27 - Vector length 142016 Offset 3834432
Group: 0 Thread 28 Global Thread 28 running on hwthread 28 - Vector length 142016 Offset 3976448
Group: 0 Thread 29 Global Thread 29 running on hwthread 29 - Vector length 142016 Offset 4118464
Group: 0 Thread 30 Global Thread 30 running on hwthread 30 - Vector length 142016 Offset 4260480
Group: 0 Thread 31 Global Thread 31 running on hwthread 31 - Vector length 142016 Offset 4402496
Group: 0 Thread 32 Global Thread 32 running on hwthread 32 - Vector length 142016 Offset 4544512
Group: 0 Thread 33 Global Thread 33 running on hwthread 33 - Vector length 142016 Offset 4686528
Group: 0 Thread 35 Global Thread 35 running on hwthread 35 - Vector length 142016 Offset 4970560
Group: 0 Thread 34 Global Thread 34 running on hwthread 34 - Vector length 142016 Offset 4828544
Group: 0 Thread 36 Global Thread 36 running on hwthread 36 - Vector length 142016 Offset 5112576
Group: 0 Thread 37 Global Thread 37 running on hwthread 37 - Vector length 142016 Offset 5254592
Group: 0 Thread 38 Global Thread 38 running on hwthread 38 - Vector length 142016 Offset 5396608
Group: 0 Thread 39 Global Thread 39 running on hwthread 39 - Vector length 142016 Offset 5538624
Group: 0 Thread 40 Global Thread 40 running on hwthread 40 - Vector length 142016 Offset 5680640
Group: 0 Thread 41 Global Thread 41 running on hwthread 41 - Vector length 142016 Offset 5822656
Group: 0 Thread 42 Global Thread 42 running on hwthread 42 - Vector length 142016 Offset 5964672
Group: 0 Thread 43 Global Thread 43 running on hwthread 43 - Vector length 142016 Offset 6106688
--------------------------------------------------------------------------------
Cycles:			9604538118
CPU Clock:		2699992946
Cycle Clock:		2699992946
Time:			3.557246e+00 sec
Iterations:		1441792
Iterations per thread:	32768
Inner loop executions:	4438
Size (Byte):		99979264
Size per thread:	2272256
Number of Flops:	0
MFlops/s:		0.00
Data volume (Byte):	3276120522752
MByte/s:		920971.13
Cycles per update:	0.046907
Cycles per cacheline:	0.375255
Loads per update:	1
Stores per update:	1
Load bytes per element:	8
Store bytes per elem.:	8
Load/store ratio:	1.00
Instructions:		70385401872
UOPs:			89581420544
--------------------------------------------------------------------------------
FLUX-RUN END likwid-iter-3
FLUX-RUN START likwid-iter-4
Running without Marker API. Activate Marker API with -m on commandline.
Warning: Sanitizing vector length to a multiple of the loop stride 32 and thread count 44 from 6250000 elements (50000000 bytes) to 6248704 elements (49989632 bytes)
Allocate: Process running on hwthread 0 (Domain S0) - Vector length 6248704/49989632 Offset 0 Alignment 512
Allocate: Process running on hwthread 0 (Domain S0) - Vector length 6248704/49989632 Offset 0 Alignment 512
Initialization: First thread in domain initializes the whole stream
--------------------------------------------------------------------------------
LIKWID MICRO BENCHMARK
Test: clcopy
--------------------------------------------------------------------------------
Using 1 work groups
Using 44 threads
--------------------------------------------------------------------------------
--------------------------------------------------------------------------------
Group: 0 Thread 0 Global Thread 0 running on hwthread 0 - Vector length 142016 Offset 0
Group: 0 Thread 1 Global Thread 1 running on hwthread 1 - Vector length 142016 Offset 142016
Group: 0 Thread 2 Global Thread 2 running on hwthread 2 - Vector length 142016 Offset 284032
Group: 0 Thread 3 Global Thread 3 running on hwthread 3 - Vector length 142016 Offset 426048
Group: 0 Thread 4 Global Thread 4 running on hwthread 4 - Vector length 142016 Offset 568064
Group: 0 Thread 5 Global Thread 5 running on hwthread 5 - Vector length 142016 Offset 710080
Group: 0 Thread 6 Global Thread 6 running on hwthread 6 - Vector length 142016 Offset 852096
Group: 0 Thread 7 Global Thread 7 running on hwthread 7 - Vector length 142016 Offset 994112
Group: 0 Thread 8 Global Thread 8 running on hwthread 8 - Vector length 142016 Offset 1136128
Group: 0 Thread 9 Global Thread 9 running on hwthread 9 - Vector length 142016 Offset 1278144
Group: 0 Thread 10 Global Thread 10 running on hwthread 10 - Vector length 142016 Offset 1420160
Group: 0 Thread 11 Global Thread 11 running on hwthread 11 - Vector length 142016 Offset 1562176
Group: 0 Thread 12 Global Thread 12 running on hwthread 12 - Vector length 142016 Offset 1704192
Group: 0 Thread 13 Global Thread 13 running on hwthread 13 - Vector length 142016 Offset 1846208
Group: 0 Thread 14 Global Thread 14 running on hwthread 14 - Vector length 142016 Offset 1988224
Group: 0 Thread 15 Global Thread 15 running on hwthread 15 - Vector length 142016 Offset 2130240
Group: 0 Thread 16 Global Thread 16 running on hwthread 16 - Vector length 142016 Offset 2272256
Group: 0 Thread 17 Global Thread 17 running on hwthread 17 - Vector length 142016 Offset 2414272
Group: 0 Thread 18 Global Thread 18 running on hwthread 18 - Vector length 142016 Offset 2556288
Group: 0 Thread 19 Global Thread 19 running on hwthread 19 - Vector length 142016 Offset 2698304
Group: 0 Thread 20 Global Thread 20 running on hwthread 20 - Vector length 142016 Offset 2840320
Group: 0 Thread 21 Global Thread 21 running on hwthread 21 - Vector length 142016 Offset 2982336
Group: 0 Thread 22 Global Thread 22 running on hwthread 22 - Vector length 142016 Offset 3124352
Group: 0 Thread 23 Global Thread 23 running on hwthread 23 - Vector length 142016 Offset 3266368
Group: 0 Thread 24 Global Thread 24 running on hwthread 24 - Vector length 142016 Offset 3408384
Group: 0 Thread 25 Global Thread 25 running on hwthread 25 - Vector length 142016 Offset 3550400
Group: 0 Thread 26 Global Thread 26 running on hwthread 26 - Vector length 142016 Offset 3692416
Group: 0 Thread 27 Global Thread 27 running on hwthread 27 - Vector length 142016 Offset 3834432
Group: 0 Thread 28 Global Thread 28 running on hwthread 28 - Vector length 142016 Offset 3976448
Group: 0 Thread 29 Global Thread 29 running on hwthread 29 - Vector length 142016 Offset 4118464
Group: 0 Thread 31 Global Thread 31 running on hwthread 31 - Vector length 142016 Offset 4402496
Group: 0 Thread 30 Global Thread 30 running on hwthread 30 - Vector length 142016 Offset 4260480
Group: 0 Thread 33 Global Thread 33 running on hwthread 33 - Vector length 142016 Offset 4686528
Group: 0 Thread 32 Global Thread 32 running on hwthread 32 - Vector length 142016 Offset 4544512
Group: 0 Thread 36 Global Thread 36 running on hwthread 36 - Vector length 142016 Offset 5112576
Group: 0 Thread 37 Global Thread 37 running on hwthread 37 - Vector length 142016 Offset 5254592
Group: 0 Thread 38 Global Thread 38 running on hwthread 38 - Vector length 142016 Offset 5396608
Group: 0 Thread 39 Global Thread 39 running on hwthread 39 - Vector length 142016 Offset 5538624
Group: 0 Thread 40 Global Thread 40 running on hwthread 40 - Vector length 142016 Offset 5680640
Group: 0 Thread 41 Global Thread 41 running on hwthread 41 - Vector length 142016 Offset 5822656
Group: 0 Thread 43 Global Thread 43 running on hwthread 43 - Vector length 142016 Offset 6106688
Group: 0 Thread 35 Global Thread 35 running on hwthread 35 - Vector length 142016 Offset 4970560
Group: 0 Thread 42 Global Thread 42 running on hwthread 42 - Vector length 142016 Offset 5964672
Group: 0 Thread 34 Global Thread 34 running on hwthread 34 - Vector length 142016 Offset 4828544
--------------------------------------------------------------------------------
Cycles:			9654088564
CPU Clock:		2699988455
Cycle Clock:		2699988455
Time:			3.575604e+00 sec
Iterations:		1441792
Iterations per thread:	32768
Inner loop executions:	4438
Size (Byte):		99979264
Size per thread:	2272256
Number of Flops:	0
MFlops/s:		0.00
Data volume (Byte):	3276120522752
MByte/s:		916242.64
Cycles per update:	0.047149
Cycles per cacheline:	0.377191
Loads per update:	1
Stores per update:	1
Load bytes per element:	8
Store bytes per elem.:	8
Load/store ratio:	1.00
Instructions:		70385401872
UOPs:			89581420544
--------------------------------------------------------------------------------
FLUX-RUN END likwid-iter-4
FLUX-RUN START likwid-iter-5
Running without Marker API. Activate Marker API with -m on commandline.
Warning: Sanitizing vector length to a multiple of the loop stride 32 and thread count 44 from 6250000 elements (50000000 bytes) to 6248704 elements (49989632 bytes)
Allocate: Process running on hwthread 0 (Domain S0) - Vector length 6248704/49989632 Offset 0 Alignment 512
Allocate: Process running on hwthread 0 (Domain S0) - Vector length 6248704/49989632 Offset 0 Alignment 512
Initialization: First thread in domain initializes the whole stream
--------------------------------------------------------------------------------
LIKWID MICRO BENCHMARK
Test: clcopy
--------------------------------------------------------------------------------
Using 1 work groups
Using 44 threads
--------------------------------------------------------------------------------
--------------------------------------------------------------------------------
Group: 0 Thread 0 Global Thread 0 running on hwthread 0 - Vector length 142016 Offset 0
Group: 0 Thread 1 Global Thread 1 running on hwthread 1 - Vector length 142016 Offset 142016
Group: 0 Thread 2 Global Thread 2 running on hwthread 2 - Vector length 142016 Offset 284032
Group: 0 Thread 3 Global Thread 3 running on hwthread 3 - Vector length 142016 Offset 426048
Group: 0 Thread 4 Global Thread 4 running on hwthread 4 - Vector length 142016 Offset 568064
Group: 0 Thread 5 Global Thread 5 running on hwthread 5 - Vector length 142016 Offset 710080
Group: 0 Thread 6 Global Thread 6 running on hwthread 6 - Vector length 142016 Offset 852096
Group: 0 Thread 7 Global Thread 7 running on hwthread 7 - Vector length 142016 Offset 994112
Group: 0 Thread 8 Global Thread 8 running on hwthread 8 - Vector length 142016 Offset 1136128
Group: 0 Thread 9 Global Thread 9 running on hwthread 9 - Vector length 142016 Offset 1278144
Group: 0 Thread 10 Global Thread 10 running on hwthread 10 - Vector length 142016 Offset 1420160
Group: 0 Thread 12 Global Thread 12 running on hwthread 12 - Vector length 142016 Offset 1704192
Group: 0 Thread 11 Global Thread 11 running on hwthread 11 - Vector length 142016 Offset 1562176
Group: 0 Thread 13 Global Thread 13 running on hwthread 13 - Vector length 142016 Offset 1846208
Group: 0 Thread 14 Global Thread 14 running on hwthread 14 - Vector length 142016 Offset 1988224
Group: 0 Thread 15 Global Thread 15 running on hwthread 15 - Vector length 142016 Offset 2130240
Group: 0 Thread 16 Global Thread 16 running on hwthread 16 - Vector length 142016 Offset 2272256
Group: 0 Thread 18 Global Thread 18 running on hwthread 18 - Vector length 142016 Offset 2556288
Group: 0 Thread 17 Global Thread 17 running on hwthread 17 - Vector length 142016 Offset 2414272
Group: 0 Thread 19 Global Thread 19 running on hwthread 19 - Vector length 142016 Offset 2698304
Group: 0 Thread 20 Global Thread 20 running on hwthread 20 - Vector length 142016 Offset 2840320
Group: 0 Thread 22 Global Thread 22 running on hwthread 22 - Vector length 142016 Offset 3124352
Group: 0 Thread 21 Global Thread 21 running on hwthread 21 - Vector length 142016 Offset 2982336
Group: 0 Thread 23 Global Thread 23 running on hwthread 23 - Vector length 142016 Offset 3266368
Group: 0 Thread 24 Global Thread 24 running on hwthread 24 - Vector length 142016 Offset 3408384
Group: 0 Thread 25 Global Thread 25 running on hwthread 25 - Vector length 142016 Offset 3550400
Group: 0 Thread 26 Global Thread 26 running on hwthread 26 - Vector length 142016 Offset 3692416
Group: 0 Thread 28 Global Thread 28 running on hwthread 28 - Vector length 142016 Offset 3976448
Group: 0 Thread 27 Global Thread 27 running on hwthread 27 - Vector length 142016 Offset 3834432
Group: 0 Thread 29 Global Thread 29 running on hwthread 29 - Vector length 142016 Offset 4118464
Group: 0 Thread 30 Global Thread 30 running on hwthread 30 - Vector length 142016 Offset 4260480
Group: 0 Thread 31 Global Thread 31 running on hwthread 31 - Vector length 142016 Offset 4402496
Group: 0 Thread 32 Global Thread 32 running on hwthread 32 - Vector length 142016 Offset 4544512
Group: 0 Thread 34 Global Thread 34 running on hwthread 34 - Vector length 142016 Offset 4828544
Group: 0 Thread 36 Global Thread 36 running on hwthread 36 - Vector length 142016 Offset 5112576
Group: 0 Thread 35 Global Thread 35 running on hwthread 35 - Vector length 142016 Offset 4970560
Group: 0 Thread 37 Global Thread 37 running on hwthread 37 - Vector length 142016 Offset 5254592
Group: 0 Thread 33 Global Thread 33 running on hwthread 33 - Vector length 142016 Offset 4686528
Group: 0 Thread 38 Global Thread 38 running on hwthread 38 - Vector length 142016 Offset 5396608
Group: 0 Thread 39 Global Thread 39 running on hwthread 39 - Vector length 142016 Offset 5538624
Group: 0 Thread 40 Global Thread 40 running on hwthread 40 - Vector length 142016 Offset 5680640
Group: 0 Thread 41 Global Thread 41 running on hwthread 41 - Vector length 142016 Offset 5822656
Group: 0 Thread 42 Global Thread 42 running on hwthread 42 - Vector length 142016 Offset 5964672
Group: 0 Thread 43 Global Thread 43 running on hwthread 43 - Vector length 142016 Offset 6106688
--------------------------------------------------------------------------------
Cycles:			9801047011
CPU Clock:		2699977951
Cycle Clock:		2699977951
Time:			3.630047e+00 sec
Iterations:		1441792
Iterations per thread:	32768
Inner loop executions:	4438
Size (Byte):		99979264
Size per thread:	2272256
Number of Flops:	0
MFlops/s:		0.00
Data volume (Byte):	3276120522752
MByte/s:		902500.84
Cycles per update:	0.047867
Cycles per cacheline:	0.382933
Loads per update:	1
Stores per update:	1
Load bytes per element:	8
Store bytes per elem.:	8
Load/store ratio:	1.00
Instructions:		70385401872
UOPs:			89581420544
--------------------------------------------------------------------------------
FLUX-RUN END likwid-iter-5
0% [Working]            Hit:1 http://archive.ubuntu.com/ubuntu jammy InRelease
0% [Waiting for headers]                        Get:2 http://security.ubuntu.com/ubuntu jammy-security InRelease [129 kB]
0% [Waiting for headers] [2 InRelease 14.2 kB/129 kB 11%]0% [Waiting for headers] [2 InRelease 14.2 kB/129 kB 11%]                                                         Get:3 http://archive.ubuntu.com/ubuntu jammy-updates InRelease [128 kB]
0% [3 InRelease 12.7 kB/128 kB 10%] [2 InRelease 14.2 kB/129 kB 11%]                                                                    0% [3 InRelease 105 kB/128 kB 82%]                                  0% [Working]0% [Waiting for headers]0% [Waiting for headers] [Waiting for headers]                                              Get:4 http://archive.ubuntu.com/ubuntu jammy-backports InRelease [127 kB]
0% [4 InRelease 2588 B/127 kB 2%] [Waiting for headers]                                                       Get:5 http://security.ubuntu.com/ubuntu jammy-security/universe amd64 Packages [1244 kB]
0% [4 InRelease 27.2 kB/127 kB 21%] [5 Packages 2655 B/1244 kB 0%]                                                                  0% [5 Packages 96.8 kB/1244 kB 8%]21% [Waiting for headers] [5 Packages 168 kB/1244 kB 13%]                                                         Get:6 http://archive.ubuntu.com/ubuntu jammy-updates/restricted amd64 Packages [4420 kB]
22% [6 Packages 2655 B/4420 kB 0%] [5 Packages 217 kB/1244 kB 17%]                                                                  33% [6 Packages 550 kB/4420 kB 12%]33% [5 Packages store 0 B] [6 Packages 554 kB/4420 kB 13%]                                                          36% [6 Packages 776 kB/4420 kB 18%]                                   62% [Waiting for headers]                         Get:7 http://archive.ubuntu.com/ubuntu jammy-updates/universe amd64 Packages [1544 kB]
63% [7 Packages 23.9 kB/1544 kB 2%]63% [6 Packages store 0 B] [7 Packages 23.9 kB/1544 kB 2%]                                                          74% [6 Packages store 0 B] [Waiting for headers]                                                Get:8 http://archive.ubuntu.com/ubuntu jammy-updates/multiverse amd64 Packages [55.7 kB]
74% [6 Packages store 0 B] [8 Packages 8192 B/55.7 kB 15%]                                                          74% [6 Packages store 0 B] [Waiting for headers]                                                Get:9 http://archive.ubuntu.com/ubuntu jammy-updates/main amd64 Packages [3200 kB]
74% [6 Packages store 0 B] [9 Packages 15.0 kB/3200 kB 0%]                                                          98% [6 Packages store 0 B]                          98% [Working]98% [7 Packages store 0 B]                          99% [Working]99% [8 Packages store 0 B]                          99% [Working]99% [9 Packages store 0 B]                          100% [Working]              Fetched 10.8 MB in 2s (5499 kB/s)
Reading package lists... 0%Reading package lists... 0%Reading package lists... 0%Reading package lists... 4%Reading package lists... 4%Reading package lists... 4%Reading package lists... 4%Reading package lists... 46%Reading package lists... 46%Reading package lists... 47%Reading package lists... 47%Reading package lists... 56%Reading package lists... 56%Reading package lists... 69%Reading package lists... 69%Reading package lists... 74%Reading package lists... 74%Reading package lists... 74%Reading package lists... 74%Reading package lists... 74%Reading package lists... 74%Reading package lists... 74%Reading package lists... 74%Reading package lists... 83%Reading package lists... 83%Reading package lists... 95%Reading package lists... 95%Reading package lists... 99%Reading package lists... 99%Reading package lists... 99%Reading package lists... 99%Reading package lists... Done
Reading package lists... 0%Reading package lists... 0%Reading package lists... 0%Reading package lists... 4%Reading package lists... 4%Reading package lists... 4%Reading package lists... 4%Reading package lists... 46%Reading package lists... 46%Reading package lists... 47%Reading package lists... 47%Reading package lists... 56%Reading package lists... 56%Reading package lists... 69%Reading package lists... 69%Reading package lists... 74%Reading package lists... 74%Reading package lists... 74%Reading package lists... 74%Reading package lists... 74%Reading package lists... 74%Reading package lists... 74%Reading package lists... 74%Reading package lists... 83%Reading package lists... 83%Reading package lists... 95%Reading package lists... 95%Reading package lists... 99%Reading package lists... 99%Reading package lists... 99%Reading package lists... 99%Reading package lists... Done
Building dependency tree... 0%Building dependency tree... 0%Building dependency tree... 0%Building dependency tree... 50%Building dependency tree... 50%Building dependency tree... Done
Reading state information... 0% Reading state information... 0%Reading state information... Done
jq is already the newest version (1.6-2.1ubuntu3).
0 upgraded, 0 newly installed, 0 to remove and 1 not upgraded.

FLUX-JOB START 530092916736 likwid-iter-5
FLUX-JOB-JOBSPEC START
{"resources": [{"type": "node", "count": 1, "with": [{"type": "slot", "count": 1, "with": [{"type": "core", "count": 88}], "label": "task"}]}], "tasks": [{"command": ["likwid-bench", "-t", "clcopy", "-w", "S0:100MB"], "slot": "task", "count": {"per_slot": 1}}], "attributes": {"system": {"duration": 0, "cwd": "/opt", "shell": {"options": {"rlimit": {"cpu": -1, "fsize": -1, "data": -1, "stack": 8388608, "core": -1, "nofile": 1048576, "as": -1, "rss": -1, "nproc": -1}, "cpu-affinity": "per-task", "gpu-affinity": "off"}}}, "user": {"study_id": "likwid-iter-5"}}, "version": 1}
FLUX-JOB-JOBSPEC END
FLUX-JOB-RESOURCES START
{"version": 1, "execution": {"R_lite": [{"rank": "0", "children": {"core": "0-87"}}], "nodelist": ["likwid-0"], "starttime": 1746423464, "expiration": 4900023432}}
FLUX-JOB-RESOURCES END
FLUX-JOB-EVENTLOG START
{"timestamp":1746423464.4833448,"name":"init"}
{"timestamp":1746423464.4916823,"name":"shell.init","context":{"service":"0-shell-fEvdVkzB","leader-rank":0,"size":1}}
{"timestamp":1746423464.4942129,"name":"shell.start","context":{"taskmap":{"version":1,"map":[[0,1,1,1]]}}}
{"timestamp":1746423464.4837759,"name":"starting"}
{"timestamp":1746423472.0442669,"name":"shell.task-exit","context":{"localid":0,"rank":0,"state":"Exited","pid":326,"wait_status":0,"signaled":0,"exitcode":0}}
{"timestamp":1746423472.0458031,"name":"complete","context":{"status":0}}
{"timestamp":1746423472.0458314,"name":"done"}

FLUX-JOB-EVENTLOG END
FLUX-JOB END 530092916736 likwid-iter-5

FLUX-JOB START 402200199168 likwid-iter-4
FLUX-JOB-JOBSPEC START
{"resources": [{"type": "node", "count": 1, "with": [{"type": "slot", "count": 1, "with": [{"type": "core", "count": 88}], "label": "task"}]}], "tasks": [{"command": ["likwid-bench", "-t", "clcopy", "-w", "S0:100MB"], "slot": "task", "count": {"per_slot": 1}}], "attributes": {"system": {"duration": 0, "cwd": "/opt", "shell": {"options": {"rlimit": {"cpu": -1, "fsize": -1, "data": -1, "stack": 8388608, "core": -1, "nofile": 1048576, "as": -1, "rss": -1, "nproc": -1}, "cpu-affinity": "per-task", "gpu-affinity": "off"}}}, "user": {"study_id": "likwid-iter-4"}}, "version": 1}
FLUX-JOB-JOBSPEC END
FLUX-JOB-RESOURCES START
{"version": 1, "execution": {"R_lite": [{"rank": "0", "children": {"core": "0-87"}}], "nodelist": ["likwid-0"], "starttime": 1746423456, "expiration": 4900023432}}
FLUX-JOB-RESOURCES END
FLUX-JOB-EVENTLOG START
{"timestamp":1746423456.8609836,"name":"init"}
{"timestamp":1746423456.8698661,"name":"shell.init","context":{"service":"0-shell-fBZn49mZ","leader-rank":0,"size":1}}
{"timestamp":1746423456.8614218,"name":"starting"}
{"timestamp":1746423456.8722827,"name":"shell.start","context":{"taskmap":{"version":1,"map":[[0,1,1,1]]}}}
{"timestamp":1746423464.2826636,"name":"shell.task-exit","context":{"localid":0,"rank":0,"state":"Exited","pid":272,"wait_status":0,"signaled":0,"exitcode":0}}
{"timestamp":1746423464.2841587,"name":"complete","context":{"status":0}}
{"timestamp":1746423464.2841868,"name":"done"}

FLUX-JOB-EVENTLOG END
FLUX-JOB END 402200199168 likwid-iter-4

FLUX-JOB START 273552506880 likwid-iter-3
FLUX-JOB-JOBSPEC START
{"resources": [{"type": "node", "count": 1, "with": [{"type": "slot", "count": 1, "with": [{"type": "core", "count": 88}], "label": "task"}]}], "tasks": [{"command": ["likwid-bench", "-t", "clcopy", "-w", "S0:100MB"], "slot": "task", "count": {"per_slot": 1}}], "attributes": {"system": {"duration": 0, "cwd": "/opt", "shell": {"options": {"rlimit": {"cpu": -1, "fsize": -1, "data": -1, "stack": 8388608, "core": -1, "nofile": 1048576, "as": -1, "rss": -1, "nproc": -1}, "cpu-affinity": "per-task", "gpu-affinity": "off"}}}, "user": {"study_id": "likwid-iter-3"}}, "version": 1}
FLUX-JOB-JOBSPEC END
FLUX-JOB-RESOURCES START
