Defaulted container "likwid" out of: likwid, flux-view (init)
#!/bin/bash
set -euo pipefail
mkdir -p /tmp/output
flux resource list
for i in {1..5}
do
  echo "FLUX-RUN START likwid-iter-$i"
  flux run --setattr=user.study_id=likwid-iter-$i -N1 -n 1 -o cpu-affinity=per-task -o gpu-affinity=off  --cores-per-task 88   likwid-bench -t peakflops_avx -w S0:100MB |& tee /tmp/likwid.out
  
   echo "FLUX-RUN END likwid-iter-$i"
done


output=./results/${app}
(apt-get update && apt-get install -y jq) || (yum update -y && yum install -y jq)
mkdir -p $output
for jobid in $(flux jobs -a --json | jq -r .jobs[].id); do
    echo
    study_id=$(flux job info $jobid jobspec | jq -r ".attributes.user.study_id")
    echo "FLUX-JOB START ${jobid} ${study_id}"
    echo "FLUX-JOB-JOBSPEC START"
    flux job info $jobid jobspec
    echo "FLUX-JOB-JOBSPEC END" 
    
    echo "FLUX-JOB-RESOURCES START"
    flux job info ${jobid} R
    echo "FLUX-JOB-RESOURCES END"
    echo "FLUX-JOB-EVENTLOG START" 
    flux job info $jobid guest.exec.eventlog
    echo "FLUX-JOB-EVENTLOG END" 
    echo "FLUX-JOB END ${jobid} ${study_id}"
done
echo "FLUX JOB STATS"
flux job stats         

     STATE NNODES   NCORES    NGPUS NODELIST
      free      1       88        0 likwid-0
 allocated      0        0        0 
      down      0        0        0 
FLUX-RUN START likwid-iter-1
Running without Marker API. Activate Marker API with -m on commandline.
Warning: Sanitizing vector length to a multiple of the loop stride 4 and thread count 44 from 12500000 elements (100000000 bytes) to 12499872 elements (99998976 bytes)
Allocate: Process running on hwthread 0 (Domain S0) - Vector length 12499872/99998976 Offset 0 Alignment 512
Initialization: First thread in domain initializes the whole stream
--------------------------------------------------------------------------------
LIKWID MICRO BENCHMARK
Test: peakflops_avx
--------------------------------------------------------------------------------
Using 1 work groups
Using 44 threads
--------------------------------------------------------------------------------
--------------------------------------------------------------------------------
Group: 0 Thread 0 Global Thread 0 running on hwthread 0 - Vector length 284088 Offset 0
Group: 0 Thread 1 Global Thread 1 running on hwthread 1 - Vector length 284088 Offset 284088
Group: 0 Thread 2 Global Thread 2 running on hwthread 2 - Vector length 284088 Offset 568176
Group: 0 Thread 3 Global Thread 3 running on hwthread 3 - Vector length 284088 Offset 852264
Group: 0 Thread 4 Global Thread 4 running on hwthread 4 - Vector length 284088 Offset 1136352
Group: 0 Thread 5 Global Thread 5 running on hwthread 5 - Vector length 284088 Offset 1420440
Group: 0 Thread 6 Global Thread 6 running on hwthread 6 - Vector length 284088 Offset 1704528
Group: 0 Thread 7 Global Thread 7 running on hwthread 7 - Vector length 284088 Offset 1988616
Group: 0 Thread 8 Global Thread 8 running on hwthread 8 - Vector length 284088 Offset 2272704
Group: 0 Thread 9 Global Thread 9 running on hwthread 9 - Vector length 284088 Offset 2556792
Group: 0 Thread 10 Global Thread 10 running on hwthread 10 - Vector length 284088 Offset 2840880
Group: 0 Thread 11 Global Thread 11 running on hwthread 11 - Vector length 284088 Offset 3124968
Group: 0 Thread 13 Global Thread 13 running on hwthread 13 - Vector length 284088 Offset 3693144
Group: 0 Thread 14 Global Thread 14 running on hwthread 14 - Vector length 284088 Offset 3977232
Group: 0 Thread 12 Global Thread 12 running on hwthread 12 - Vector length 284088 Offset 3409056
Group: 0 Thread 15 Global Thread 15 running on hwthread 15 - Vector length 284088 Offset 4261320
Group: 0 Thread 16 Global Thread 16 running on hwthread 16 - Vector length 284088 Offset 4545408
Group: 0 Thread 18 Global Thread 18 running on hwthread 18 - Vector length 284088 Offset 5113584
Group: 0 Thread 19 Global Thread 19 running on hwthread 19 - Vector length 284088 Offset 5397672
Group: 0 Thread 20 Global Thread 20 running on hwthread 20 - Vector length 284088 Offset 5681760
Group: 0 Thread 21 Global Thread 21 running on hwthread 21 - Vector length 284088 Offset 5965848
Group: 0 Thread 22 Global Thread 22 running on hwthread 22 - Vector length 284088 Offset 6249936
Group: 0 Thread 17 Global Thread 17 running on hwthread 17 - Vector length 284088 Offset 4829496
Group: 0 Thread 23 Global Thread 23 running on hwthread 23 - Vector length 284088 Offset 6534024
Group: 0 Thread 24 Global Thread 24 running on hwthread 24 - Vector length 284088 Offset 6818112
Group: 0 Thread 25 Global Thread 25 running on hwthread 25 - Vector length 284088 Offset 7102200
Group: 0 Thread 26 Global Thread 26 running on hwthread 26 - Vector length 284088 Offset 7386288
Group: 0 Thread 27 Global Thread 27 running on hwthread 27 - Vector length 284088 Offset 7670376
Group: 0 Thread 28 Global Thread 28 running on hwthread 28 - Vector length 284088 Offset 7954464
Group: 0 Thread 29 Global Thread 29 running on hwthread 29 - Vector length 284088 Offset 8238552
Group: 0 Thread 30 Global Thread 30 running on hwthread 30 - Vector length 284088 Offset 8522640
Group: 0 Thread 32 Global Thread 32 running on hwthread 32 - Vector length 284088 Offset 9090816
Group: 0 Thread 33 Global Thread 33 running on hwthread 33 - Vector length 284088 Offset 9374904
Group: 0 Thread 31 Global Thread 31 running on hwthread 31 - Vector length 284088 Offset 8806728
Group: 0 Thread 34 Global Thread 34 running on hwthread 34 - Vector length 284088 Offset 9658992
Group: 0 Thread 36 Global Thread 36 running on hwthread 36 - Vector length 284088 Offset 10227168
Group: 0 Thread 37 Global Thread 37 running on hwthread 37 - Vector length 284088 Offset 10511256
Group: 0 Thread 38 Global Thread 38 running on hwthread 38 - Vector length 284088 Offset 10795344
Group: 0 Thread 39 Global Thread 39 running on hwthread 39 - Vector length 284088 Offset 11079432
Group: 0 Thread 40 Global Thread 40 running on hwthread 40 - Vector length 284088 Offset 11363520
Group: 0 Thread 42 Global Thread 42 running on hwthread 42 - Vector length 284088 Offset 11931696
Group: 0 Thread 41 Global Thread 41 running on hwthread 41 - Vector length 284088 Offset 11647608
Group: 0 Thread 43 Global Thread 43 running on hwthread 43 - Vector length 284088 Offset 12215784
Group: 0 Thread 35 Global Thread 35 running on hwthread 35 - Vector length 284088 Offset 9943080
--------------------------------------------------------------------------------
Cycles:			4075036905
CPU Clock:		2699978905
Cycle Clock:		2699978905
Time:			1.509285e+00 sec
Iterations:		360448
Iterations per thread:	8192
Inner loop executions:	71022
Size (Byte):		99998976
Size per thread:	2272704
Number of Flops:	1535984271360
MFlops/s:		1017690.20
Data volume (Byte):	819191611392
MByte/s:		542768.11
Cycles per update:	0.039796
Cycles per cacheline:	0.318366
Loads per update:	1
Stores per update:	0
Load bytes per element:	8
Store bytes per elem.:	0
Instructions:		486395019296
UOPs:			460795281408
--------------------------------------------------------------------------------
FLUX-RUN END likwid-iter-1
FLUX-RUN START likwid-iter-2
Running without Marker API. Activate Marker API with -m on commandline.
Warning: Sanitizing vector length to a multiple of the loop stride 4 and thread count 44 from 12500000 elements (100000000 bytes) to 12499872 elements (99998976 bytes)
Allocate: Process running on hwthread 0 (Domain S0) - Vector length 12499872/99998976 Offset 0 Alignment 512
Initialization: First thread in domain initializes the whole stream
--------------------------------------------------------------------------------
LIKWID MICRO BENCHMARK
Test: peakflops_avx
--------------------------------------------------------------------------------
Using 1 work groups
Using 44 threads
--------------------------------------------------------------------------------
--------------------------------------------------------------------------------
Group: 0 Thread 0 Global Thread 0 running on hwthread 0 - Vector length 284088 Offset 0
Group: 0 Thread 1 Global Thread 1 running on hwthread 1 - Vector length 284088 Offset 284088
Group: 0 Thread 2 Global Thread 2 running on hwthread 2 - Vector length 284088 Offset 568176
Group: 0 Thread 3 Global Thread 3 running on hwthread 3 - Vector length 284088 Offset 852264
Group: 0 Thread 4 Global Thread 4 running on hwthread 4 - Vector length 284088 Offset 1136352
Group: 0 Thread 5 Global Thread 5 running on hwthread 5 - Vector length 284088 Offset 1420440
Group: 0 Thread 6 Global Thread 6 running on hwthread 6 - Vector length 284088 Offset 1704528
Group: 0 Thread 7 Global Thread 7 running on hwthread 7 - Vector length 284088 Offset 1988616
Group: 0 Thread 8 Global Thread 8 running on hwthread 8 - Vector length 284088 Offset 2272704
Group: 0 Thread 9 Global Thread 9 running on hwthread 9 - Vector length 284088 Offset 2556792
Group: 0 Thread 10 Global Thread 10 running on hwthread 10 - Vector length 284088 Offset 2840880
Group: 0 Thread 11 Global Thread 11 running on hwthread 11 - Vector length 284088 Offset 3124968
Group: 0 Thread 12 Global Thread 12 running on hwthread 12 - Vector length 284088 Offset 3409056
Group: 0 Thread 13 Global Thread 13 running on hwthread 13 - Vector length 284088 Offset 3693144
Group: 0 Thread 14 Global Thread 14 running on hwthread 14 - Vector length 284088 Offset 3977232
Group: 0 Thread 15 Global Thread 15 running on hwthread 15 - Vector length 284088 Offset 4261320
Group: 0 Thread 16 Global Thread 16 running on hwthread 16 - Vector length 284088 Offset 4545408
Group: 0 Thread 17 Global Thread 17 running on hwthread 17 - Vector length 284088 Offset 4829496
Group: 0 Thread 18 Global Thread 18 running on hwthread 18 - Vector length 284088 Offset 5113584
Group: 0 Thread 19 Global Thread 19 running on hwthread 19 - Vector length 284088 Offset 5397672
Group: 0 Thread 20 Global Thread 20 running on hwthread 20 - Vector length 284088 Offset 5681760
Group: 0 Thread 21 Global Thread 21 running on hwthread 21 - Vector length 284088 Offset 5965848
Group: 0 Thread 22 Global Thread 22 running on hwthread 22 - Vector length 284088 Offset 6249936
Group: 0 Thread 23 Global Thread 23 running on hwthread 23 - Vector length 284088 Offset 6534024
Group: 0 Thread 24 Global Thread 24 running on hwthread 24 - Vector length 284088 Offset 6818112
Group: 0 Thread 25 Global Thread 25 running on hwthread 25 - Vector length 284088 Offset 7102200
Group: 0 Thread 27 Global Thread 27 running on hwthread 27 - Vector length 284088 Offset 7670376
Group: 0 Thread 26 Global Thread 26 running on hwthread 26 - Vector length 284088 Offset 7386288
Group: 0 Thread 28 Global Thread 28 running on hwthread 28 - Vector length 284088 Offset 7954464
Group: 0 Thread 29 Global Thread 29 running on hwthread 29 - Vector length 284088 Offset 8238552
Group: 0 Thread 30 Global Thread 30 running on hwthread 30 - Vector length 284088 Offset 8522640
Group: 0 Thread 31 Global Thread 31 running on hwthread 31 - Vector length 284088 Offset 8806728
Group: 0 Thread 33 Global Thread 33 running on hwthread 33 - Vector length 284088 Offset 9374904
Group: 0 Thread 34 Global Thread 34 running on hwthread 34 - Vector length 284088 Offset 9658992
Group: 0 Thread 32 Global Thread 32 running on hwthread 32 - Vector length 284088 Offset 9090816
Group: 0 Thread 35 Global Thread 35 running on hwthread 35 - Vector length 284088 Offset 9943080
Group: 0 Thread 36 Global Thread 36 running on hwthread 36 - Vector length 284088 Offset 10227168
Group: 0 Thread 37 Global Thread 37 running on hwthread 37 - Vector length 284088 Offset 10511256
Group: 0 Thread 39 Global Thread 39 running on hwthread 39 - Vector length 284088 Offset 11079432
Group: 0 Thread 38 Global Thread 38 running on hwthread 38 - Vector length 284088 Offset 10795344
Group: 0 Thread 41 Global Thread 41 running on hwthread 41 - Vector length 284088 Offset 11647608
Group: 0 Thread 40 Global Thread 40 running on hwthread 40 - Vector length 284088 Offset 11363520
Group: 0 Thread 42 Global Thread 42 running on hwthread 42 - Vector length 284088 Offset 11931696
Group: 0 Thread 43 Global Thread 43 running on hwthread 43 - Vector length 284088 Offset 12215784
--------------------------------------------------------------------------------
Cycles:			4072093471
CPU Clock:		2699982662
Cycle Clock:		2699982662
Time:			1.508192e+00 sec
Iterations:		360448
Iterations per thread:	8192
Inner loop executions:	71022
Size (Byte):		99998976
Size per thread:	2272704
Number of Flops:	1535984271360
MFlops/s:		1018427.24
Data volume (Byte):	819191611392
MByte/s:		543161.19
Cycles per update:	0.039767
Cycles per cacheline:	0.318136
Loads per update:	1
Stores per update:	0
Load bytes per element:	8
Store bytes per elem.:	0
Instructions:		486395019296
UOPs:			460795281408
--------------------------------------------------------------------------------
FLUX-RUN END likwid-iter-2
FLUX-RUN START likwid-iter-3
Running without Marker API. Activate Marker API with -m on commandline.
Warning: Sanitizing vector length to a multiple of the loop stride 4 and thread count 44 from 12500000 elements (100000000 bytes) to 12499872 elements (99998976 bytes)
Allocate: Process running on hwthread 0 (Domain S0) - Vector length 12499872/99998976 Offset 0 Alignment 512
Initialization: First thread in domain initializes the whole stream
--------------------------------------------------------------------------------
LIKWID MICRO BENCHMARK
Test: peakflops_avx
--------------------------------------------------------------------------------
Using 1 work groups
Using 44 threads
--------------------------------------------------------------------------------
--------------------------------------------------------------------------------
Group: 0 Thread 0 Global Thread 0 running on hwthread 0 - Vector length 284088 Offset 0
Group: 0 Thread 1 Global Thread 1 running on hwthread 1 - Vector length 284088 Offset 284088
Group: 0 Thread 2 Global Thread 2 running on hwthread 2 - Vector length 284088 Offset 568176
Group: 0 Thread 3 Global Thread 3 running on hwthread 3 - Vector length 284088 Offset 852264
Group: 0 Thread 4 Global Thread 4 running on hwthread 4 - Vector length 284088 Offset 1136352
Group: 0 Thread 5 Global Thread 5 running on hwthread 5 - Vector length 284088 Offset 1420440
Group: 0 Thread 6 Global Thread 6 running on hwthread 6 - Vector length 284088 Offset 1704528
Group: 0 Thread 7 Global Thread 7 running on hwthread 7 - Vector length 284088 Offset 1988616
Group: 0 Thread 8 Global Thread 8 running on hwthread 8 - Vector length 284088 Offset 2272704
Group: 0 Thread 9 Global Thread 9 running on hwthread 9 - Vector length 284088 Offset 2556792
Group: 0 Thread 10 Global Thread 10 running on hwthread 10 - Vector length 284088 Offset 2840880
Group: 0 Thread 11 Global Thread 11 running on hwthread 11 - Vector length 284088 Offset 3124968
Group: 0 Thread 12 Global Thread 12 running on hwthread 12 - Vector length 284088 Offset 3409056
Group: 0 Thread 14 Global Thread 14 running on hwthread 14 - Vector length 284088 Offset 3977232
Group: 0 Thread 13 Global Thread 13 running on hwthread 13 - Vector length 284088 Offset 3693144
Group: 0 Thread 15 Global Thread 15 running on hwthread 15 - Vector length 284088 Offset 4261320
Group: 0 Thread 16 Global Thread 16 running on hwthread 16 - Vector length 284088 Offset 4545408
Group: 0 Thread 17 Global Thread 17 running on hwthread 17 - Vector length 284088 Offset 4829496
Group: 0 Thread 18 Global Thread 18 running on hwthread 18 - Vector length 284088 Offset 5113584
Group: 0 Thread 19 Global Thread 19 running on hwthread 19 - Vector length 284088 Offset 5397672
Group: 0 Thread 20 Global Thread 20 running on hwthread 20 - Vector length 284088 Offset 5681760
Group: 0 Thread 21 Global Thread 21 running on hwthread 21 - Vector length 284088 Offset 5965848
Group: 0 Thread 22 Global Thread 22 running on hwthread 22 - Vector length 284088 Offset 6249936
Group: 0 Thread 23 Global Thread 23 running on hwthread 23 - Vector length 284088 Offset 6534024
Group: 0 Thread 24 Global Thread 24 running on hwthread 24 - Vector length 284088 Offset 6818112
Group: 0 Thread 26 Global Thread 26 running on hwthread 26 - Vector length 284088 Offset 7386288
Group: 0 Thread 27 Global Thread 27 running on hwthread 27 - Vector length 284088 Offset 7670376
Group: 0 Thread 25 Global Thread 25 running on hwthread 25 - Vector length 284088 Offset 7102200
Group: 0 Thread 28 Global Thread 28 running on hwthread 28 - Vector length 284088 Offset 7954464
Group: 0 Thread 29 Global Thread 29 running on hwthread 29 - Vector length 284088 Offset 8238552
Group: 0 Thread 30 Global Thread 30 running on hwthread 30 - Vector length 284088 Offset 8522640
Group: 0 Thread 31 Global Thread 31 running on hwthread 31 - Vector length 284088 Offset 8806728
Group: 0 Thread 32 Global Thread 32 running on hwthread 32 - Vector length 284088 Offset 9090816
Group: 0 Thread 33 Global Thread 33 running on hwthread 33 - Vector length 284088 Offset 9374904
Group: 0 Thread 34 Global Thread 34 running on hwthread 34 - Vector length 284088 Offset 9658992
Group: 0 Thread 36 Global Thread 36 running on hwthread 36 - Vector length 284088 Offset 10227168
Group: 0 Thread 35 Global Thread 35 running on hwthread 35 - Vector length 284088 Offset 9943080
Group: 0 Thread 37 Global Thread 37 running on hwthread 37 - Vector length 284088 Offset 10511256
Group: 0 Thread 38 Global Thread 38 running on hwthread 38 - Vector length 284088 Offset 10795344
Group: 0 Thread 39 Global Thread 39 running on hwthread 39 - Vector length 284088 Offset 11079432
Group: 0 Thread 40 Global Thread 40 running on hwthread 40 - Vector length 284088 Offset 11363520
Group: 0 Thread 41 Global Thread 41 running on hwthread 41 - Vector length 284088 Offset 11647608
Group: 0 Thread 42 Global Thread 42 running on hwthread 42 - Vector length 284088 Offset 11931696
Group: 0 Thread 43 Global Thread 43 running on hwthread 43 - Vector length 284088 Offset 12215784
--------------------------------------------------------------------------------
Cycles:			4011021783
CPU Clock:		2699979598
Cycle Clock:		2699979598
Time:			1.485575e+00 sec
Iterations:		360448
Iterations per thread:	8192
Inner loop executions:	71022
Size (Byte):		99998976
Size per thread:	2272704
Number of Flops:	1535984271360
MFlops/s:		1033932.60
Data volume (Byte):	819191611392
MByte/s:		551430.72
Cycles per update:	0.039171
Cycles per cacheline:	0.313364
Loads per update:	1
Stores per update:	0
Load bytes per element:	8
Store bytes per elem.:	0
Instructions:		486395019296
UOPs:			460795281408
--------------------------------------------------------------------------------
FLUX-RUN END likwid-iter-3
FLUX-RUN START likwid-iter-4
Running without Marker API. Activate Marker API with -m on commandline.
Warning: Sanitizing vector length to a multiple of the loop stride 4 and thread count 44 from 12500000 elements (100000000 bytes) to 12499872 elements (99998976 bytes)
Allocate: Process running on hwthread 0 (Domain S0) - Vector length 12499872/99998976 Offset 0 Alignment 512
Initialization: First thread in domain initializes the whole stream
--------------------------------------------------------------------------------
LIKWID MICRO BENCHMARK
Test: peakflops_avx
--------------------------------------------------------------------------------
Using 1 work groups
Using 44 threads
--------------------------------------------------------------------------------
--------------------------------------------------------------------------------
Group: 0 Thread 0 Global Thread 0 running on hwthread 0 - Vector length 284088 Offset 0
Group: 0 Thread 1 Global Thread 1 running on hwthread 1 - Vector length 284088 Offset 284088
Group: 0 Thread 2 Global Thread 2 running on hwthread 2 - Vector length 284088 Offset 568176
Group: 0 Thread 3 Global Thread 3 running on hwthread 3 - Vector length 284088 Offset 852264
Group: 0 Thread 4 Global Thread 4 running on hwthread 4 - Vector length 284088 Offset 1136352
Group: 0 Thread 5 Global Thread 5 running on hwthread 5 - Vector length 284088 Offset 1420440
Group: 0 Thread 6 Global Thread 6 running on hwthread 6 - Vector length 284088 Offset 1704528
Group: 0 Thread 7 Global Thread 7 running on hwthread 7 - Vector length 284088 Offset 1988616
Group: 0 Thread 8 Global Thread 8 running on hwthread 8 - Vector length 284088 Offset 2272704
Group: 0 Thread 10 Global Thread 10 running on hwthread 10 - Vector length 284088 Offset 2840880
Group: 0 Thread 9 Global Thread 9 running on hwthread 9 - Vector length 284088 Offset 2556792
Group: 0 Thread 11 Global Thread 11 running on hwthread 11 - Vector length 284088 Offset 3124968
Group: 0 Thread 13 Global Thread 13 running on hwthread 13 - Vector length 284088 Offset 3693144
Group: 0 Thread 12 Global Thread 12 running on hwthread 12 - Vector length 284088 Offset 3409056
Group: 0 Thread 14 Global Thread 14 running on hwthread 14 - Vector length 284088 Offset 3977232
Group: 0 Thread 15 Global Thread 15 running on hwthread 15 - Vector length 284088 Offset 4261320
Group: 0 Thread 16 Global Thread 16 running on hwthread 16 - Vector length 284088 Offset 4545408
Group: 0 Thread 17 Global Thread 17 running on hwthread 17 - Vector length 284088 Offset 4829496
Group: 0 Thread 18 Global Thread 18 running on hwthread 18 - Vector length 284088 Offset 5113584
Group: 0 Thread 19 Global Thread 19 running on hwthread 19 - Vector length 284088 Offset 5397672
Group: 0 Thread 20 Global Thread 20 running on hwthread 20 - Vector length 284088 Offset 5681760
Group: 0 Thread 21 Global Thread 21 running on hwthread 21 - Vector length 284088 Offset 5965848
Group: 0 Thread 22 Global Thread 22 running on hwthread 22 - Vector length 284088 Offset 6249936
Group: 0 Thread 23 Global Thread 23 running on hwthread 23 - Vector length 284088 Offset 6534024
Group: 0 Thread 24 Global Thread 24 running on hwthread 24 - Vector length 284088 Offset 6818112
Group: 0 Thread 25 Global Thread 25 running on hwthread 25 - Vector length 284088 Offset 7102200
Group: 0 Thread 26 Global Thread 26 running on hwthread 26 - Vector length 284088 Offset 7386288
Group: 0 Thread 27 Global Thread 27 running on hwthread 27 - Vector length 284088 Offset 7670376
Group: 0 Thread 28 Global Thread 28 running on hwthread 28 - Vector length 284088 Offset 7954464
Group: 0 Thread 29 Global Thread 29 running on hwthread 29 - Vector length 284088 Offset 8238552
Group: 0 Thread 30 Global Thread 30 running on hwthread 30 - Vector length 284088 Offset 8522640
Group: 0 Thread 31 Global Thread 31 running on hwthread 31 - Vector length 284088 Offset 8806728
Group: 0 Thread 32 Global Thread 32 running on hwthread 32 - Vector length 284088 Offset 9090816
Group: 0 Thread 34 Global Thread 34 running on hwthread 34 - Vector length 284088 Offset 9658992
Group: 0 Thread 33 Global Thread 33 running on hwthread 33 - Vector length 284088 Offset 9374904
Group: 0 Thread 38 Global Thread 38 running on hwthread 38 - Vector length 284088 Offset 10795344
Group: 0 Thread 39 Global Thread 39 running on hwthread 39 - Vector length 284088 Offset 11079432
Group: 0 Thread 37 Global Thread 37 running on hwthread 37 - Vector length 284088 Offset 10511256
Group: 0 Thread 40 Global Thread 40 running on hwthread 40 - Vector length 284088 Offset 11363520
Group: 0 Thread 41 Global Thread 41 running on hwthread 41 - Vector length 284088 Offset 11647608
Group: 0 Thread 42 Global Thread 42 running on hwthread 42 - Vector length 284088 Offset 11931696
Group: 0 Thread 43 Global Thread 43 running on hwthread 43 - Vector length 284088 Offset 12215784
Group: 0 Thread 35 Global Thread 35 running on hwthread 35 - Vector length 284088 Offset 9943080
Group: 0 Thread 36 Global Thread 36 running on hwthread 36 - Vector length 284088 Offset 10227168
--------------------------------------------------------------------------------
Cycles:			4010896321
CPU Clock:		2699983064
Cycle Clock:		2699983064
Time:			1.485526e+00 sec
Iterations:		360448
Iterations per thread:	8192
Inner loop executions:	71022
Size (Byte):		99998976
Size per thread:	2272704
Number of Flops:	1535984271360
MFlops/s:		1033966.27
Data volume (Byte):	819191611392
MByte/s:		551448.68
Cycles per update:	0.039169
Cycles per cacheline:	0.313354
Loads per update:	1
Stores per update:	0
Load bytes per element:	8
Store bytes per elem.:	0
Instructions:		486395019296
UOPs:			460795281408
--------------------------------------------------------------------------------
FLUX-RUN END likwid-iter-4
FLUX-RUN START likwid-iter-5
Running without Marker API. Activate Marker API with -m on commandline.
Warning: Sanitizing vector length to a multiple of the loop stride 4 and thread count 44 from 12500000 elements (100000000 bytes) to 12499872 elements (99998976 bytes)
Allocate: Process running on hwthread 0 (Domain S0) - Vector length 12499872/99998976 Offset 0 Alignment 512
Initialization: First thread in domain initializes the whole stream
--------------------------------------------------------------------------------
LIKWID MICRO BENCHMARK
Test: peakflops_avx
--------------------------------------------------------------------------------
Using 1 work groups
Using 44 threads
--------------------------------------------------------------------------------
--------------------------------------------------------------------------------
Group: 0 Thread 0 Global Thread 0 running on hwthread 0 - Vector length 284088 Offset 0
Group: 0 Thread 1 Global Thread 1 running on hwthread 1 - Vector length 284088 Offset 284088
Group: 0 Thread 2 Global Thread 2 running on hwthread 2 - Vector length 284088 Offset 568176
Group: 0 Thread 3 Global Thread 3 running on hwthread 3 - Vector length 284088 Offset 852264
Group: 0 Thread 4 Global Thread 4 running on hwthread 4 - Vector length 284088 Offset 1136352
Group: 0 Thread 5 Global Thread 5 running on hwthread 5 - Vector length 284088 Offset 1420440
Group: 0 Thread 6 Global Thread 6 running on hwthread 6 - Vector length 284088 Offset 1704528
Group: 0 Thread 8 Global Thread 8 running on hwthread 8 - Vector length 284088 Offset 2272704
Group: 0 Thread 9 Global Thread 9 running on hwthread 9 - Vector length 284088 Offset 2556792
Group: 0 Thread 10 Global Thread 10 running on hwthread 10 - Vector length 284088 Offset 2840880
Group: 0 Thread 7 Global Thread 7 running on hwthread 7 - Vector length 284088 Offset 1988616
Group: 0 Thread 11 Global Thread 11 running on hwthread 11 - Vector length 284088 Offset 3124968
Group: 0 Thread 12 Global Thread 12 running on hwthread 12 - Vector length 284088 Offset 3409056
Group: 0 Thread 13 Global Thread 13 running on hwthread 13 - Vector length 284088 Offset 3693144
Group: 0 Thread 14 Global Thread 14 running on hwthread 14 - Vector length 284088 Offset 3977232
Group: 0 Thread 15 Global Thread 15 running on hwthread 15 - Vector length 284088 Offset 4261320
Group: 0 Thread 16 Global Thread 16 running on hwthread 16 - Vector length 284088 Offset 4545408
Group: 0 Thread 17 Global Thread 17 running on hwthread 17 - Vector length 284088 Offset 4829496
Group: 0 Thread 18 Global Thread 18 running on hwthread 18 - Vector length 284088 Offset 5113584
Group: 0 Thread 19 Global Thread 19 running on hwthread 19 - Vector length 284088 Offset 5397672
Group: 0 Thread 21 Global Thread 21 running on hwthread 21 - Vector length 284088 Offset 5965848
Group: 0 Thread 20 Global Thread 20 running on hwthread 20 - Vector length 284088 Offset 5681760
Group: 0 Thread 22 Global Thread 22 running on hwthread 22 - Vector length 284088 Offset 6249936
Group: 0 Thread 23 Global Thread 23 running on hwthread 23 - Vector length 284088 Offset 6534024
Group: 0 Thread 24 Global Thread 24 running on hwthread 24 - Vector length 284088 Offset 6818112
Group: 0 Thread 25 Global Thread 25 running on hwthread 25 - Vector length 284088 Offset 7102200
Group: 0 Thread 26 Global Thread 26 running on hwthread 26 - Vector length 284088 Offset 7386288
Group: 0 Thread 27 Global Thread 27 running on hwthread 27 - Vector length 284088 Offset 7670376
Group: 0 Thread 28 Global Thread 28 running on hwthread 28 - Vector length 284088 Offset 7954464
Group: 0 Thread 29 Global Thread 29 running on hwthread 29 - Vector length 284088 Offset 8238552
Group: 0 Thread 30 Global Thread 30 running on hwthread 30 - Vector length 284088 Offset 8522640
Group: 0 Thread 31 Global Thread 31 running on hwthread 31 - Vector length 284088 Offset 8806728
Group: 0 Thread 32 Global Thread 32 running on hwthread 32 - Vector length 284088 Offset 9090816
Group: 0 Thread 33 Global Thread 33 running on hwthread 33 - Vector length 284088 Offset 9374904
Group: 0 Thread 34 Global Thread 34 running on hwthread 34 - Vector length 284088 Offset 9658992
Group: 0 Thread 36 Global Thread 36 running on hwthread 36 - Vector length 284088 Offset 10227168
Group: 0 Thread 37 Global Thread 37 running on hwthread 37 - Vector length 284088 Offset 10511256
Group: 0 Thread 35 Global Thread 35 running on hwthread 35 - Vector length 284088 Offset 9943080
Group: 0 Thread 39 Global Thread 39 running on hwthread 39 - Vector length 284088 Offset 11079432
Group: 0 Thread 38 Global Thread 38 running on hwthread 38 - Vector length 284088 Offset 10795344
Group: 0 Thread 40 Global Thread 40 running on hwthread 40 - Vector length 284088 Offset 11363520
Group: 0 Thread 41 Global Thread 41 running on hwthread 41 - Vector length 284088 Offset 11647608
Group: 0 Thread 42 Global Thread 42 running on hwthread 42 - Vector length 284088 Offset 11931696
Group: 0 Thread 43 Global Thread 43 running on hwthread 43 - Vector length 284088 Offset 12215784
--------------------------------------------------------------------------------
Cycles:			4100877563
CPU Clock:		2699985300
Cycle Clock:		2699985300
Time:			1.518852e+00 sec
Iterations:		360448
Iterations per thread:	8192
Inner loop executions:	71022
Size (Byte):		99998976
Size per thread:	2272704
Number of Flops:	1535984271360
MFlops/s:		1011279.88
Data volume (Byte):	819191611392
MByte/s:		539349.27
Cycles per update:	0.040048
Cycles per cacheline:	0.320384
Loads per update:	1
Stores per update:	0
Load bytes per element:	8
Store bytes per elem.:	0
Instructions:		486395019296
UOPs:			460795281408
--------------------------------------------------------------------------------
FLUX-RUN END likwid-iter-5
0% [Working]            Get:1 http://security.ubuntu.com/ubuntu jammy-security InRelease [129 kB]
0% [Connecting to archive.ubuntu.com] [1 InRelease 6932 B/129 kB 5%]                                                                    0% [Connecting to archive.ubuntu.com (185.125.190.81)]                                                      0% [Waiting for headers]                        Get:2 http://security.ubuntu.com/ubuntu jammy-security/universe amd64 Packages [1244 kB]
0% [Waiting for headers] [2 Packages 2655 B/1244 kB 0%]                                                       Hit:3 http://archive.ubuntu.com/ubuntu jammy InRelease
                                                       0% [2 Packages 211 kB/1244 kB 17%]0% [Waiting for headers] [2 Packages 1122 kB/1244 kB 90%]                                                         0% [Waiting for headers]                        Get:4 http://archive.ubuntu.com/ubuntu jammy-updates InRelease [128 kB]
0% [4 InRelease 12.7 kB/128 kB 10%]0% [2 Packages store 0 B] [4 InRelease 12.7 kB/128 kB 10%]                                                          0% [4 InRelease 15.6 kB/128 kB 12%]                                   0% [Working]0% [Waiting for headers]                        Get:5 http://archive.ubuntu.com/ubuntu jammy-backports InRelease [127 kB]
0% [5 InRelease 2588 B/127 kB 2%]                                 0% [Working]30% [Waiting for headers]                         Get:6 http://archive.ubuntu.com/ubuntu jammy-updates/main amd64 Packages [3200 kB]
30% [6 Packages 2655 B/3200 kB 0%]51% [6 Packages 2919 kB/3200 kB 91%]                                    53% [Waiting for headers]                         Get:7 http://archive.ubuntu.com/ubuntu jammy-updates/universe amd64 Packages [1544 kB]
54% [7 Packages 15.4 kB/1544 kB 1%]54% [6 Packages store 0 B] [7 Packages 15.4 kB/1544 kB 1%]                                                          65% [6 Packages store 0 B] [Waiting for headers]                                                Get:8 http://archive.ubuntu.com/ubuntu jammy-updates/restricted amd64 Packages [4420 kB]
65% [6 Packages store 0 B] [8 Packages 11.7 kB/4420 kB 0%]                                                          83% [8 Packages 2405 kB/4420 kB 54%]83% [7 Packages store 0 B] [8 Packages 2427 kB/4420 kB 55%]                                                           98% [7 Packages store 0 B] [Waiting for headers]                                                Get:9 http://archive.ubuntu.com/ubuntu jammy-updates/multiverse amd64 Packages [55.7 kB]
98% [7 Packages store 0 B] [9 Packages 16.4 kB/55.7 kB 29%]                                                           98% [7 Packages store 0 B]                          99% [Working]99% [8 Packages store 0 B]                          99% [Working]99% [9 Packages store 0 B]                          100% [Working]              Fetched 10.8 MB in 2s (5334 kB/s)
Reading package lists... 0%Reading package lists... 0%Reading package lists... 0%Reading package lists... 4%Reading package lists... 4%Reading package lists... 4%Reading package lists... 4%Reading package lists... 46%Reading package lists... 46%Reading package lists... 47%Reading package lists... 47%Reading package lists... 56%Reading package lists... 56%Reading package lists... 69%Reading package lists... 69%Reading package lists... 74%Reading package lists... 74%Reading package lists... 74%Reading package lists... 74%Reading package lists... 74%Reading package lists... 74%Reading package lists... 74%Reading package lists... 74%Reading package lists... 83%Reading package lists... 83%Reading package lists... 95%Reading package lists... 95%Reading package lists... 99%Reading package lists... 99%Reading package lists... 99%Reading package lists... 99%Reading package lists... Done
Reading package lists... 0%Reading package lists... 0%Reading package lists... 0%Reading package lists... 4%Reading package lists... 4%Reading package lists... 4%Reading package lists... 4%Reading package lists... 46%Reading package lists... 46%Reading package lists... 47%Reading package lists... 47%Reading package lists... 56%Reading package lists... 56%Reading package lists... 69%Reading package lists... 69%Reading package lists... 74%Reading package lists... 74%Reading package lists... 74%Reading package lists... 74%Reading package lists... 74%Reading package lists... 74%Reading package lists... 74%Reading package lists... 74%Reading package lists... 83%Reading package lists... 83%Reading package lists... 95%Reading package lists... 95%Reading package lists... 99%Reading package lists... 99%Reading package lists... 99%Reading package lists... 99%Reading package lists... Done
Building dependency tree... 0%Building dependency tree... 0%Building dependency tree... 34%Building dependency tree... 50%Building dependency tree... 50%Building dependency tree... Done
Reading state information... 0% Reading state information... 0%Reading state information... Done
jq is already the newest version (1.6-2.1ubuntu3).
0 upgraded, 0 newly installed, 0 to remove and 1 not upgraded.

FLUX-JOB START 326887276544 likwid-iter-5
FLUX-JOB-JOBSPEC START
{"resources": [{"type": "node", "count": 1, "with": [{"type": "slot", "count": 1, "with": [{"type": "core", "count": 88}], "label": "task"}]}], "tasks": [{"command": ["likwid-bench", "-t", "peakflops_avx", "-w", "S0:100MB"], "slot": "task", "count": {"per_slot": 1}}], "attributes": {"system": {"duration": 0, "cwd": "/opt", "shell": {"options": {"rlimit": {"cpu": -1, "fsize": -1, "data": -1, "stack": 8388608, "core": -1, "nofile": 1048576, "as": -1, "rss": -1, "nproc": -1}, "cpu-affinity": "per-task", "gpu-affinity": "off"}}}, "user": {"study_id": "likwid-iter-5"}}, "version": 1}
FLUX-JOB-JOBSPEC END
FLUX-JOB-RESOURCES START
{"version": 1, "execution": {"R_lite": [{"rank": "0", "children": {"core": "0-87"}}], "nodelist": ["likwid-0"], "starttime": 1746423381, "expiration": 4900023361}}
FLUX-JOB-RESOURCES END
FLUX-JOB-EVENTLOG START
{"timestamp":1746423381.2381063,"name":"init"}
{"timestamp":1746423381.2471149,"name":"shell.init","context":{"service":"0-shell-f9b2ujjd","leader-rank":0,"size":1}}
{"timestamp":1746423381.2385919,"name":"starting"}
{"timestamp":1746423381.2493184,"name":"shell.start","context":{"taskmap":{"version":1,"map":[[0,1,1,1]]}}}
{"timestamp":1746423385.9011774,"name":"shell.task-exit","context":{"localid":0,"rank":0,"state":"Exited","pid":318,"wait_status":0,"signaled":0,"exitcode":0}}
{"timestamp":1746423385.9026995,"name":"complete","context":{"status":0}}
{"timestamp":1746423385.9027281,"name":"done"}

FLUX-JOB-EVENTLOG END
FLUX-JOB END 326887276544 likwid-iter-5

FLUX-JOB START 247581376512 likwid-iter-4
FLUX-JOB-JOBSPEC START
{"resources": [{"type": "node", "count": 1, "with": [{"type": "slot", "count": 1, "with": [{"type": "core", "count": 88}], "label": "task"}]}], "tasks": [{"command": ["likwid-bench", "-t", "peakflops_avx", "-w", "S0:100MB"], "slot": "task", "count": {"per_slot": 1}}], "attributes": {"system": {"duration": 0, "cwd": "/opt", "shell": {"options": {"rlimit": {"cpu": -1, "fsize": -1, "data": -1, "stack": 8388608, "core": -1, "nofile": 1048576, "as": -1, "rss": -1, "nproc": -1}, "cpu-affinity": "per-task", "gpu-affinity": "off"}}}, "user": {"study_id": "likwid-iter-4"}}, "version": 1}
FLUX-JOB-JOBSPEC END
FLUX-JOB-RESOURCES START
{"version": 1, "execution": {"R_lite": [{"rank": "0", "children": {"core": "0-87"}}], "nodelist": ["likwid-0"], "starttime": 1746423376, "expiration": 4900023361}}
FLUX-JOB-RESOURCES END
FLUX-JOB-EVENTLOG START
{"timestamp":1746423376.5111015,"name":"init"}
{"timestamp":1746423376.5199337,"name":"shell.init","context":{"service":"0-shell-f7WCvGdd","leader-rank":0,"size":1}}
{"timestamp":1746423376.5115449,"name":"starting"}
{"timestamp":1746423376.5222387,"name":"shell.start","context":{"taskmap":{"version":1,"map":[[0,1,1,1]]}}}
{"timestamp":1746423381.1183636,"name":"shell.task-exit","context":{"localid":0,"rank":0,"state":"Exited","pid":266,"wait_status":0,"signaled":0,"exitcode":0}}
{"timestamp":1746423381.1199012,"name":"complete","context":{"status":0}}
{"timestamp":1746423381.1199296,"name":"done"}

FLUX-JOB-EVENTLOG END
FLUX-JOB END 247581376512 likwid-iter-4

FLUX-JOB START 167973486592 likwid-iter-3
FLUX-JOB-JOBSPEC START
{"resources": [{"type": "node", "count": 1, "with": [{"type": "slot", "count": 1, "with": [{"type": "core", "count": 88}], "label": "task"}]}], "tasks": [{"command": ["likwid-bench", "-t", "peakflops_avx", "-w", "S0:100MB"], "slot": "task", "count": {"per_slot": 1}}], "attributes": {"system": {"duration": 0, "cwd": "/opt", "shell": {"options": {"rlimit": {"cpu": -1, "fsize": -1, "data": -1, "stack": 8388608, "core": -1, "nofile": 1048576, "as": -1, "rss": -1, "nproc": -1}, "cpu-affinity": "per-task", "gpu-affinity": "off"}}}, "user": {"study_id": "likwid-iter-3"}}, "version": 1}
FLUX-JOB-JOBSPEC END
FLUX-JOB-RESOURCES START
{"version": 1, "execution": {"R_lite": [{"rank": "0", "children": {"core": "0-87"}}], "nodelist": ["likwid-0"], "starttime": 1746423371, "expiration": 4900023361}}
FLUX-JOB-RESOURCES END
FLUX-JOB-EVENTLOG START
{"timestamp":1746423371.7654288,"name":"init"}
{"timestamp":1746423371.7744453,"name":"shell.init","context":{"service":"0-shell-f5QvF2TR","leader-rank":0,"size":1}}
{"timestamp":1746423371.7659099,"name":"starting"}
